 Fermi (or HOMO) energy (hartree) =  -0.06665   Average Vxc (hartree)=  -0.14765
 Eigenvalues (hartree) for nkpt=   8  k points:
 kpt#   1, nband= 14, wtk=  0.12500, kpt=  0.1250  0.1250  0.5000 (reduced coord)
  -2.27179   -1.35223   -1.34975   -1.34577   -0.55581   -0.52428   -0.24603   -0.19301
  -0.17975   -0.15866   -0.13329   -0.09582   -0.08326    0.01454
 kpt#   2, nband= 14, wtk=  0.12500, kpt=  0.3750  0.1250  0.5000 (reduced coord)
  -2.27243   -1.35791   -1.35044   -1.34899   -0.50977   -0.50475   -0.26394   -0.24294
  -0.20695   -0.17958   -0.13078   -0.12949   -0.07899    0.02314
 kpt#   3, nband= 14, wtk=  0.12500, kpt= -0.3750  0.1250  0.5000 (reduced coord)
  -2.27279   -1.35487   -1.35127   -1.34747   -0.53086   -0.51353   -0.24926   -0.21421
  -0.19894   -0.17959   -0.13188   -0.11013   -0.09143    0.01194
 kpt#   4, nband= 14, wtk=  0.12500, kpt= -0.1250  0.1250  0.5000 (reduced coord)
  -2.27146   -1.35295   -1.34648   -1.34421   -0.57140   -0.53093   -0.25866   -0.17271
  -0.15819   -0.14570   -0.12724   -0.10088   -0.07023    0.03080
 kpt#   5, nband= 14, wtk=  0.12500, kpt=  0.1250  0.3750  0.5000 (reduced coord)
  -2.27243   -1.35791   -1.35044   -1.34899   -0.50977   -0.50475   -0.26394   -0.24294
  -0.20695   -0.17958   -0.13078   -0.12949   -0.07899    0.02314
 kpt#   6, nband= 14, wtk=  0.12500, kpt=  0.3750  0.3750  0.5000 (reduced coord)
  -2.27146   -1.35656   -1.35193   -1.35015   -0.50096   -0.49973   -0.25974   -0.24393
  -0.20559   -0.17962   -0.17347   -0.13883   -0.06665    0.01140
 kpt#   7, nband= 14, wtk=  0.12500, kpt= -0.3750  0.3750  0.5000 (reduced coord)
  -2.27306   -1.35733   -1.35091   -1.34704   -0.52239   -0.51018   -0.26239   -0.22768
  -0.20604   -0.17044   -0.12813   -0.10182   -0.09630    0.02926
 kpt#   8, nband= 14, wtk=  0.12500, kpt= -0.1250  0.3750  0.5000 (reduced coord)
  -2.27279   -1.35487   -1.35127   -1.34747   -0.53086   -0.51353   -0.24926   -0.21421
  -0.19894   -0.17959   -0.13188   -0.11013   -0.09143    0.01194
