 Fermi (or HOMO) energy (hartree) =  -0.06728   Average Vxc (hartree)=  -0.14371
 Eigenvalues (hartree) for nkpt=  18  k points:
 kpt#   1, nband= 14, wtk=  0.05556, kpt=  0.0833  0.0833  0.5000 (reduced coord)
  -2.29759   -1.34764   -1.34203   -1.33986   -0.57079   -0.53003   -0.25787   -0.17784
  -0.16224   -0.14350   -0.13466   -0.09753   -0.07183    0.02658
 kpt#   2, nband= 14, wtk=  0.05556, kpt=  0.2500  0.0833  0.5000 (reduced coord)
  -2.29685   -1.34880   -1.34621   -1.34179   -0.53913   -0.51670   -0.24767   -0.20656
  -0.20321   -0.16981   -0.12360   -0.11067   -0.09329    0.01303
 kpt#   3, nband= 14, wtk=  0.05556, kpt=  0.4167  0.0833  0.5000 (reduced coord)
  -2.29631   -1.35363   -1.34516   -1.34319   -0.51023   -0.50502   -0.27138   -0.24198
  -0.21009   -0.17789   -0.13157   -0.11525   -0.07923    0.02507
 kpt#   4, nband= 14, wtk=  0.05556, kpt= -0.4167  0.0833  0.5000 (reduced coord)
  -2.29651   -1.35187   -1.34554   -1.34267   -0.52163   -0.50954   -0.26102   -0.22889
  -0.20503   -0.17602   -0.12355   -0.12007   -0.08819    0.01978
 kpt#   5, nband= 14, wtk=  0.05556, kpt= -0.2500  0.0833  0.5000 (reduced coord)
  -2.29725   -1.34698   -1.34521   -1.34075   -0.55690   -0.52415   -0.24688   -0.19596
  -0.18232   -0.15575   -0.13185   -0.09916   -0.08354    0.01485
 kpt#   6, nband= 14, wtk=  0.05556, kpt= -0.0833  0.0833  0.5000 (reduced coord)
  -2.29778   -1.34802   -1.34017   -1.33936   -0.57834   -0.53323   -0.26592   -0.16374
  -0.15090   -0.14648   -0.12007   -0.10410   -0.06728    0.04003
 kpt#   7, nband= 14, wtk=  0.05556, kpt=  0.0833  0.2500  0.5000 (reduced coord)
  -2.29685   -1.34880   -1.34621   -1.34179   -0.53913   -0.51670   -0.24767   -0.20656
  -0.20321   -0.16981   -0.12360   -0.11067   -0.09329    0.01303
 kpt#   8, nband= 14, wtk=  0.05556, kpt=  0.2500  0.2500  0.5000 (reduced coord)
  -2.29632   -1.35140   -1.34550   -1.34516   -0.51108   -0.50438   -0.25150   -0.24440
  -0.19399   -0.18264   -0.16933   -0.12336   -0.07987    0.01999
 kpt#   9, nband= 14, wtk=  0.05556, kpt=  0.4167  0.2500  0.5000 (reduced coord)
  -2.29617   -1.35159   -1.34700   -1.34488   -0.50257   -0.50047   -0.25749   -0.24720
  -0.20275   -0.17989   -0.17519   -0.13616   -0.06839    0.01307
 kpt#  10, nband= 14, wtk=  0.05556, kpt= -0.4167  0.2500  0.5000 (reduced coord)
  -2.29656   -1.35050   -1.34565   -1.34347   -0.52475   -0.51047   -0.25104   -0.22352
  -0.19840   -0.18421   -0.14349   -0.11223   -0.08825    0.01432
 kpt#  11, nband= 14, wtk=  0.05556, kpt= -0.2500  0.2500  0.5000 (reduced coord)
  -2.29710   -1.34678   -1.34670   -1.34087   -0.55062   -0.52154   -0.24634   -0.20117
  -0.19480   -0.15107   -0.12366   -0.11205   -0.09000    0.01721
 kpt#  12, nband= 14, wtk=  0.05556, kpt= -0.0833  0.2500  0.5000 (reduced coord)
  -2.29725   -1.34698   -1.34521   -1.34075   -0.55690   -0.52415   -0.24688   -0.19596
  -0.18232   -0.15575   -0.13185   -0.09916   -0.08354    0.01485
 kpt#  13, nband= 14, wtk=  0.05556, kpt=  0.0833  0.4167  0.5000 (reduced coord)
  -2.29631   -1.35363   -1.34516   -1.34319   -0.51023   -0.50502   -0.27138   -0.24198
  -0.21009   -0.17789   -0.13157   -0.11525   -0.07923    0.02507
 kpt#  14, nband= 14, wtk=  0.05556, kpt=  0.2500  0.4167  0.5000 (reduced coord)
  -2.29617   -1.35159   -1.34700   -1.34488   -0.50257   -0.50047   -0.25749   -0.24720
  -0.20275   -0.17989   -0.17519   -0.13616   -0.06839    0.01307
 kpt#  15, nband= 14, wtk=  0.05556, kpt=  0.4167  0.4167  0.5000 (reduced coord)
  -2.29622   -1.35296   -1.34498   -1.34497   -0.50527   -0.50227   -0.26201   -0.25101
  -0.20768   -0.17797   -0.14781   -0.13340   -0.07233    0.02099
 kpt#  16, nband= 14, wtk=  0.05556, kpt= -0.4167  0.4167  0.5000 (reduced coord)
  -2.29642   -1.35321   -1.34537   -1.34237   -0.51627   -0.50764   -0.27031   -0.23478
  -0.20945   -0.17373   -0.13109   -0.09751   -0.09177    0.02425
 kpt#  17, nband= 14, wtk=  0.05556, kpt= -0.2500  0.4167  0.5000 (reduced coord)
  -2.29656   -1.35050   -1.34565   -1.34347   -0.52475   -0.51047   -0.25104   -0.22352
  -0.19840   -0.18421   -0.14349   -0.11223   -0.08825    0.01432
 kpt#  18, nband= 14, wtk=  0.05556, kpt= -0.0833  0.4167  0.5000 (reduced coord)
  -2.29651   -1.35187   -1.34554   -1.34267   -0.52163   -0.50954   -0.26102   -0.22889
  -0.20503   -0.17602   -0.12355   -0.12007   -0.08819    0.01978
