 Fermi (or HOMO) energy (hartree) =  -0.06702   Average Vxc (hartree)=  -0.14592
 Eigenvalues (hartree) for nkpt=  18  k points:
 kpt#   1, nband= 14, wtk=  0.05556, kpt=  0.0833  0.0833  0.5000 (reduced coord)
  -2.29441   -1.34540   -1.33961   -1.33718   -0.56975   -0.52937   -0.25680   -0.17706
  -0.16185   -0.14298   -0.13430   -0.09686   -0.07158    0.02686
 kpt#   2, nband= 14, wtk=  0.05556, kpt=  0.2500  0.0833  0.5000 (reduced coord)
  -2.29399   -1.34662   -1.34403   -1.33934   -0.53820   -0.51611   -0.24694   -0.20606
  -0.20194   -0.16942   -0.12291   -0.11005   -0.09297    0.01316
 kpt#   3, nband= 14, wtk=  0.05556, kpt=  0.4167  0.0833  0.5000 (reduced coord)
  -2.29370   -1.35184   -1.34299   -1.34079   -0.50943   -0.50449   -0.27036   -0.24135
  -0.20945   -0.17745   -0.13114   -0.11434   -0.07866    0.02497
 kpt#   4, nband= 14, wtk=  0.05556, kpt= -0.4167  0.0833  0.5000 (reduced coord)
  -2.29375   -1.34981   -1.34341   -1.34026   -0.52078   -0.50898   -0.26009   -0.22831
  -0.20412   -0.17561   -0.12304   -0.11923   -0.08770    0.01982
 kpt#   5, nband= 14, wtk=  0.05556, kpt= -0.2500  0.0833  0.5000 (reduced coord)
  -2.29439   -1.34487   -1.34295   -1.33827   -0.55591   -0.52352   -0.24600   -0.19490
  -0.18191   -0.15537   -0.13128   -0.09847   -0.08331    0.01504
 kpt#   6, nband= 14, wtk=  0.05556, kpt= -0.0833  0.0833  0.5000 (reduced coord)
  -2.29445   -1.34584   -1.33751   -1.33658   -0.57726   -0.53256   -0.26481   -0.16309
  -0.15036   -0.14606   -0.11975   -0.10354   -0.06702    0.04036
 kpt#   7, nband= 14, wtk=  0.05556, kpt=  0.0833  0.2500  0.5000 (reduced coord)
  -2.29399   -1.34662   -1.34403   -1.33934   -0.53820   -0.51611   -0.24694   -0.20606
  -0.20194   -0.16942   -0.12291   -0.11005   -0.09297    0.01316
 kpt#   8, nband= 14, wtk=  0.05556, kpt=  0.2500  0.2500  0.5000 (reduced coord)
  -2.29377   -1.34945   -1.34337   -1.34301   -0.51026   -0.50385   -0.25057   -0.24390
  -0.19306   -0.18209   -0.16845   -0.12281   -0.07966    0.02008
 kpt#   9, nband= 14, wtk=  0.05556, kpt=  0.4167  0.2500  0.5000 (reduced coord)
  -2.29361   -1.34972   -1.34489   -1.34265   -0.50178   -0.49995   -0.25699   -0.24619
  -0.20196   -0.17900   -0.17448   -0.13573   -0.06820    0.01327
 kpt#  10, nband= 14, wtk=  0.05556, kpt= -0.4167  0.2500  0.5000 (reduced coord)
  -2.29383   -1.34841   -1.34346   -1.34116   -0.52388   -0.50991   -0.25021   -0.22299
  -0.19728   -0.18378   -0.14266   -0.11161   -0.08799    0.01447
 kpt#  11, nband= 14, wtk=  0.05556, kpt= -0.2500  0.2500  0.5000 (reduced coord)
  -2.29425   -1.34470   -1.34453   -1.33830   -0.54966   -0.52092   -0.24556   -0.19998
  -0.19436   -0.15069   -0.12311   -0.11140   -0.08965    0.01736
 kpt#  12, nband= 14, wtk=  0.05556, kpt= -0.0833  0.2500  0.5000 (reduced coord)
  -2.29439   -1.34487   -1.34295   -1.33827   -0.55591   -0.52352   -0.24600   -0.19490
  -0.18191   -0.15537   -0.13128   -0.09847   -0.08331    0.01504
 kpt#  13, nband= 14, wtk=  0.05556, kpt=  0.0833  0.4167  0.5000 (reduced coord)
  -2.29370   -1.35184   -1.34299   -1.34079   -0.50943   -0.50449   -0.27036   -0.24135
  -0.20945   -0.17745   -0.13114   -0.11434   -0.07866    0.02497
 kpt#  14, nband= 14, wtk=  0.05556, kpt=  0.2500  0.4167  0.5000 (reduced coord)
  -2.29361   -1.34972   -1.34489   -1.34265   -0.50178   -0.49995   -0.25699   -0.24619
  -0.20196   -0.17900   -0.17448   -0.13573   -0.06820    0.01327
 kpt#  15, nband= 14, wtk=  0.05556, kpt=  0.4167  0.4167  0.5000 (reduced coord)
  -2.29373   -1.35122   -1.34279   -1.34275   -0.50449   -0.50175   -0.26099   -0.25045
  -0.20704   -0.17739   -0.14685   -0.13296   -0.07198    0.02101
 kpt#  16, nband= 14, wtk=  0.05556, kpt= -0.4167  0.4167  0.5000 (reduced coord)
  -2.29359   -1.35132   -1.34326   -1.33967   -0.51544   -0.50710   -0.26933   -0.23414
  -0.20870   -0.17333   -0.13065   -0.09673   -0.09101    0.03133
 kpt#  17, nband= 14, wtk=  0.05556, kpt= -0.2500  0.4167  0.5000 (reduced coord)
  -2.29383   -1.34841   -1.34346   -1.34116   -0.52388   -0.50991   -0.25021   -0.22299
  -0.19728   -0.18378   -0.14266   -0.11161   -0.08799    0.01447
 kpt#  18, nband= 14, wtk=  0.05556, kpt= -0.0833  0.4167  0.5000 (reduced coord)
  -2.29375   -1.34981   -1.34341   -1.34026   -0.52078   -0.50898   -0.26009   -0.22831
  -0.20412   -0.17561   -0.12304   -0.11923   -0.08770    0.01982
