
 **** DERIVATIVE DATABASE ****    
+DDB, Version number  20230401

  Note : temporary (transfer) database

    usepaw         0
     natom         3
      nkpt        18
    nsppol         1
      nsym         1
    ntypat         2
    occopt         1
     nband        14
     acell  0.59526373185898D+01  0.59526373185898D+01  0.37794522657713D+02
       amu  0.95940000000000D+02  0.32066000000000D+02
   dilatmx  0.10000000000000D+01
      ecut  0.30000000000000D+02
    ecutsm  0.00000000000000D+00
     intxc         0
      iscf         7
       ixc        11
       kpt  0.83333333333333D-01  0.83333333333333D-01  0.50000000000000D+00
            0.25000000000000D+00  0.83333333333333D-01  0.50000000000000D+00
            0.41666666666667D+00  0.83333333333333D-01  0.50000000000000D+00
           -0.41666666666667D+00  0.83333333333333D-01  0.50000000000000D+00
           -0.25000000000000D+00  0.83333333333333D-01  0.50000000000000D+00
           -0.83333333333333D-01  0.83333333333333D-01  0.50000000000000D+00
            0.83333333333333D-01  0.25000000000000D+00  0.50000000000000D+00
            0.25000000000000D+00  0.25000000000000D+00  0.50000000000000D+00
            0.41666666666667D+00  0.25000000000000D+00  0.50000000000000D+00
           -0.41666666666667D+00  0.25000000000000D+00  0.50000000000000D+00
           -0.25000000000000D+00  0.25000000000000D+00  0.50000000000000D+00
           -0.83333333333333D-01  0.25000000000000D+00  0.50000000000000D+00
            0.83333333333333D-01  0.41666666666667D+00  0.50000000000000D+00
            0.25000000000000D+00  0.41666666666667D+00  0.50000000000000D+00
            0.41666666666667D+00  0.41666666666667D+00  0.50000000000000D+00
           -0.41666666666667D+00  0.41666666666667D+00  0.50000000000000D+00
           -0.25000000000000D+00  0.41666666666667D+00  0.50000000000000D+00
           -0.83333333333333D-01  0.41666666666667D+00  0.50000000000000D+00
    kptnrm  0.10000000000000D+01
     ngfft        30   30  192
    nspden         1
   nspinor         1
       occ  0.20000000000000D+01  0.20000000000000D+01  0.20000000000000D+01
            0.20000000000000D+01  0.20000000000000D+01  0.20000000000000D+01
            0.20000000000000D+01  0.20000000000000D+01  0.20000000000000D+01
            0.20000000000000D+01  0.20000000000000D+01  0.20000000000000D+01
            0.20000000000000D+01  0.00000000000000D+00
     rprim  0.50000000000000D+00 -0.86602540378000D+00  0.00000000000000D+00
            0.50000000000000D+00  0.86602540378000D+00  0.00000000000000D+00
            0.00000000000000D+00  0.00000000000000D+00  0.10000000000000D+01
  dfpt_sciss  0.00000000000000D+00
    spinat  0.00000000000000D+00  0.00000000000000D+00  0.00000000000000D+00
            0.00000000000000D+00  0.00000000000000D+00  0.00000000000000D+00
            0.00000000000000D+00  0.00000000000000D+00  0.00000000000000D+00
    symafm         1
    symrel         1    0    0    0    1    0    0    0    1
     tnons  0.00000000000000D+00  0.00000000000000D+00  0.00000000000000D+00
    tolwfr  0.10000000000000D+01
   tphysel  0.00000000000000D+00
    tsmear  0.10000000000000D-01
     typat         1    2    2
       wtk  0.55555555555556D-01  0.55555555555556D-01  0.55555555555556D-01
            0.55555555555556D-01  0.55555555555556D-01  0.55555555555556D-01
            0.55555555555556D-01  0.55555555555556D-01  0.55555555555556D-01
            0.55555555555556D-01  0.55555555555556D-01  0.55555555555556D-01
            0.55555555555556D-01  0.55555555555556D-01  0.55555555555556D-01
            0.55555555555556D-01  0.55555555555556D-01  0.55555555555556D-01
      xred  0.33331031857075D+00  0.66668972959169D+00 -0.70455830511219D-07
            0.66667814589380D+00  0.33332179015864D+00 -0.78705572601333D-01
            0.66667820220212D+00  0.33332181358300D+00  0.78705643057163D-01
     znucl  0.42000000000000D+02  0.16000000000000D+02
      zion  0.14000000000000D+02  0.60000000000000D+01
 
 No information on the potentials yet 
 
 **** Database of total energy derivatives ****
 Number of data blocks=    2
  
 1st derivatives              - # elements :      15
   1   1 -0.77115959501257D-04  0.00000000000000D+00
   2   1  0.78937551594967D-04  0.00000000000000D+00
   3   1 -0.44104300190255D-04  0.00000000000000D+00
   1   2  0.39802337445208D-04  0.00000000000000D+00
   2   2 -0.41005189356424D-04  0.00000000000000D+00
   3   2  0.16014031364241D-01  0.00000000000000D+00
   1   3  0.40078023513790D-04  0.00000000000000D+00
   2   3 -0.40978260775010D-04  0.00000000000000D+00
   3   3 -0.15970581983438D-01  0.00000000000000D+00
   1   6 -0.13162712277799D-04  0.00000000000000D+00
   2   6 -0.12187712754001D-04  0.00000000000000D+00
   3   6  0.20558173891430D-04  0.00000000000000D+00
   1   7 -0.75549652326438D-10  0.00000000000000D+00
   2   7  0.47477241499948D-10  0.00000000000000D+00
   3   7 -0.10196572397344D-08  0.00000000000000D+00
  
 Total energy                 - # elements :       1
 -0.92380434690252D+02  0.00000000000000D+00
