 Fermi (or HOMO) energy (hartree) =  -0.06621   Average Vxc (hartree)=  -0.14598
 Eigenvalues (hartree) for nkpt=   8  k points:
 kpt#   1, nband= 14, wtk=  0.12500, kpt=  0.1250  0.1250  0.5000 (reduced coord)
  -2.29486   -1.34545   -1.34295   -1.33892   -0.55688   -0.52416   -0.24630   -0.19407
  -0.17920   -0.15833   -0.13290   -0.09567   -0.08304    0.01425
 kpt#   2, nband= 14, wtk=  0.12500, kpt=  0.3750  0.1250  0.5000 (reduced coord)
  -2.29431   -1.35154   -1.34362   -1.34214   -0.50985   -0.50456   -0.26480   -0.24241
  -0.20667   -0.17907   -0.13077   -0.12917   -0.07854    0.02331
 kpt#   3, nband= 14, wtk=  0.12500, kpt= -0.3750  0.1250  0.5000 (reduced coord)
  -2.29449   -1.34808   -1.34433   -1.34071   -0.53139   -0.51335   -0.24881   -0.21365
  -0.20041   -0.17905   -0.13141   -0.10990   -0.09105    0.01155
 kpt#   4, nband= 14, wtk=  0.12500, kpt= -0.1250  0.1250  0.5000 (reduced coord)
  -2.29486   -1.34614   -1.33950   -1.33713   -0.57272   -0.53083   -0.25991   -0.17265
  -0.15781   -0.14552   -0.12695   -0.10072   -0.07014    0.03050
 kpt#   5, nband= 14, wtk=  0.12500, kpt=  0.1250  0.3750  0.5000 (reduced coord)
  -2.29431   -1.35154   -1.34362   -1.34214   -0.50985   -0.50456   -0.26480   -0.24241
  -0.20667   -0.17907   -0.13077   -0.12917   -0.07854    0.02331
 kpt#   6, nband= 14, wtk=  0.12500, kpt=  0.3750  0.3750  0.5000 (reduced coord)
  -2.29417   -1.35043   -1.34541   -1.34320   -0.50083   -0.49959   -0.25904   -0.24512
  -0.20522   -0.17969   -0.17314   -0.13842   -0.06621    0.01087
 kpt#   7, nband= 14, wtk=  0.12500, kpt= -0.3750  0.3750  0.5000 (reduced coord)
  -2.29405   -1.35059   -1.34402   -1.33966   -0.52270   -0.51000   -0.26268   -0.22715
  -0.20639   -0.16990   -0.12783   -0.10138   -0.09596    0.02952
 kpt#   8, nband= 14, wtk=  0.12500, kpt= -0.1250  0.3750  0.5000 (reduced coord)
  -2.29449   -1.34808   -1.34433   -1.34071   -0.53139   -0.51335   -0.24881   -0.21365
  -0.20041   -0.17905   -0.13141   -0.10990   -0.09105    0.01155
