
 **** DERIVATIVE DATABASE ****    
+DDB, Version number  20230401

  Note : temporary (transfer) database

    usepaw         0
     natom         3
      nkpt         8
    nsppol         1
      nsym         1
    ntypat         2
    occopt         1
     nband        14
     acell  0.59526373185898D+01  0.59526373185898D+01  0.37794522657713D+02
       amu  0.95940000000000D+02  0.32066000000000D+02
   dilatmx  0.10000000000000D+01
      ecut  0.10000000000000D+02
    ecutsm  0.00000000000000D+00
     intxc         0
      iscf         7
       ixc        11
       kpt  0.12500000000000D+00  0.12500000000000D+00  0.50000000000000D+00
            0.37500000000000D+00  0.12500000000000D+00  0.50000000000000D+00
           -0.37500000000000D+00  0.12500000000000D+00  0.50000000000000D+00
           -0.12500000000000D+00  0.12500000000000D+00  0.50000000000000D+00
            0.12500000000000D+00  0.37500000000000D+00  0.50000000000000D+00
            0.37500000000000D+00  0.37500000000000D+00  0.50000000000000D+00
           -0.37500000000000D+00  0.37500000000000D+00  0.50000000000000D+00
           -0.12500000000000D+00  0.37500000000000D+00  0.50000000000000D+00
    kptnrm  0.10000000000000D+01
     ngfft        18   18  108
    nspden         1
   nspinor         1
       occ  0.20000000000000D+01  0.20000000000000D+01  0.20000000000000D+01
            0.20000000000000D+01  0.20000000000000D+01  0.20000000000000D+01
            0.20000000000000D+01  0.20000000000000D+01  0.20000000000000D+01
            0.20000000000000D+01  0.20000000000000D+01  0.20000000000000D+01
            0.20000000000000D+01  0.00000000000000D+00
     rprim  0.50000000000000D+00 -0.86602540378000D+00  0.00000000000000D+00
            0.50000000000000D+00  0.86602540378000D+00  0.00000000000000D+00
            0.00000000000000D+00  0.00000000000000D+00  0.10000000000000D+01
  dfpt_sciss  0.00000000000000D+00
    spinat  0.00000000000000D+00  0.00000000000000D+00  0.00000000000000D+00
            0.00000000000000D+00  0.00000000000000D+00  0.00000000000000D+00
            0.00000000000000D+00  0.00000000000000D+00  0.00000000000000D+00
    symafm         1
    symrel         1    0    0    0    1    0    0    0    1
     tnons  0.00000000000000D+00  0.00000000000000D+00  0.00000000000000D+00
    tolwfr  0.10000000000000D+01
   tphysel  0.00000000000000D+00
    tsmear  0.10000000000000D-01
     typat         1    2    2
       wtk  0.12500000000000D+00  0.12500000000000D+00  0.12500000000000D+00
            0.12500000000000D+00  0.12500000000000D+00  0.12500000000000D+00
            0.12500000000000D+00  0.12500000000000D+00
      xred  0.33280030945232D+00  0.66719960383067D+00 -0.70869981797762D-08
            0.66693320446395D+00  0.33306685834190D+00 -0.79667974827649D-01
            0.66693315275039D+00  0.33306687116076D+00  0.79667981914647D-01
     znucl  0.42000000000000D+02  0.16000000000000D+02
      zion  0.14000000000000D+02  0.60000000000000D+01
 
 No information on the potentials yet 
 
 **** Database of total energy derivatives ****
 Number of data blocks=    2
  
 1st derivatives              - # elements :      15
   1   1 -0.25159802660843D-02  0.00000000000000D+00
   2   1  0.25154623515077D-02  0.00000000000000D+00
   3   1 -0.53670583937525D-05  0.00000000000000D+00
   1   2  0.12609960009894D-02  0.00000000000000D+00
   2   2 -0.12605948414289D-02  0.00000000000000D+00
   3   2 -0.19856013712819D-03  0.00000000000000D+00
   1   3  0.12608603256077D-02  0.00000000000000D+00
   2   3 -0.12604311747405D-02  0.00000000000000D+00
   3   3  0.20403134889210D-03  0.00000000000000D+00
   1   6  0.10042134768613D-02  0.00000000000000D+00
   2   6  0.99165711631655D-03  0.00000000000000D+00
   3   6  0.10376720302296D-02  0.00000000000000D+00
   1   7  0.80189325281086D-10  0.00000000000000D+00
   2   7 -0.16423494546077D-10  0.00000000000000D+00
   3   7  0.67273855814824D-10  0.00000000000000D+00
  
 Total energy                 - # elements :       1
 -0.91609102453963D+02  0.00000000000000D+00
