
 **** DERIVATIVE DATABASE ****    
+DDB, Version number  20230401

  Note : temporary (transfer) database

    usepaw         0
     natom         3
      nkpt        18
    nsppol         1
      nsym         1
    ntypat         2
    occopt         1
     nband        14
     acell  0.59526373185898D+01  0.59526373185898D+01  0.37794522657713D+02
       amu  0.95940000000000D+02  0.32066000000000D+02
   dilatmx  0.10000000000000D+01
      ecut  0.35000000000000D+02
    ecutsm  0.00000000000000D+00
     intxc         0
      iscf         7
       ixc        11
       kpt  0.83333333333333D-01  0.83333333333333D-01  0.50000000000000D+00
            0.25000000000000D+00  0.83333333333333D-01  0.50000000000000D+00
            0.41666666666667D+00  0.83333333333333D-01  0.50000000000000D+00
           -0.41666666666667D+00  0.83333333333333D-01  0.50000000000000D+00
           -0.25000000000000D+00  0.83333333333333D-01  0.50000000000000D+00
           -0.83333333333333D-01  0.83333333333333D-01  0.50000000000000D+00
            0.83333333333333D-01  0.25000000000000D+00  0.50000000000000D+00
            0.25000000000000D+00  0.25000000000000D+00  0.50000000000000D+00
            0.41666666666667D+00  0.25000000000000D+00  0.50000000000000D+00
           -0.41666666666667D+00  0.25000000000000D+00  0.50000000000000D+00
           -0.25000000000000D+00  0.25000000000000D+00  0.50000000000000D+00
           -0.83333333333333D-01  0.25000000000000D+00  0.50000000000000D+00
            0.83333333333333D-01  0.41666666666667D+00  0.50000000000000D+00
            0.25000000000000D+00  0.41666666666667D+00  0.50000000000000D+00
            0.41666666666667D+00  0.41666666666667D+00  0.50000000000000D+00
           -0.41666666666667D+00  0.41666666666667D+00  0.50000000000000D+00
           -0.25000000000000D+00  0.41666666666667D+00  0.50000000000000D+00
           -0.83333333333333D-01  0.41666666666667D+00  0.50000000000000D+00
    kptnrm  0.10000000000000D+01
     ngfft        32   32  216
    nspden         1
   nspinor         1
       occ  0.20000000000000D+01  0.20000000000000D+01  0.20000000000000D+01
            0.20000000000000D+01  0.20000000000000D+01  0.20000000000000D+01
            0.20000000000000D+01  0.20000000000000D+01  0.20000000000000D+01
            0.20000000000000D+01  0.20000000000000D+01  0.20000000000000D+01
            0.20000000000000D+01  0.00000000000000D+00
     rprim  0.50000000000000D+00 -0.86602540378000D+00  0.00000000000000D+00
            0.50000000000000D+00  0.86602540378000D+00  0.00000000000000D+00
            0.00000000000000D+00  0.00000000000000D+00  0.10000000000000D+01
  dfpt_sciss  0.00000000000000D+00
    spinat  0.00000000000000D+00  0.00000000000000D+00  0.00000000000000D+00
            0.00000000000000D+00  0.00000000000000D+00  0.00000000000000D+00
            0.00000000000000D+00  0.00000000000000D+00  0.00000000000000D+00
    symafm         1
    symrel         1    0    0    0    1    0    0    0    1
     tnons  0.00000000000000D+00  0.00000000000000D+00  0.00000000000000D+00
    tolwfr  0.10000000000000D+01
   tphysel  0.00000000000000D+00
    tsmear  0.10000000000000D-01
     typat         1    2    2
       wtk  0.55555555555556D-01  0.55555555555556D-01  0.55555555555556D-01
            0.55555555555556D-01  0.55555555555556D-01  0.55555555555556D-01
            0.55555555555556D-01  0.55555555555556D-01  0.55555555555556D-01
            0.55555555555556D-01  0.55555555555556D-01  0.55555555555556D-01
            0.55555555555556D-01  0.55555555555556D-01  0.55555555555556D-01
            0.55555555555556D-01  0.55555555555556D-01  0.55555555555556D-01
      xred  0.33330922607954D+00  0.66669053989290D+00 -0.86564819470535D-08
            0.66667874961378D+00  0.33332145207042D+00 -0.78678477880938D-01
            0.66667869097335D+00  0.33332134137001D+00  0.78678486537420D-01
     znucl  0.42000000000000D+02  0.16000000000000D+02
      zion  0.14000000000000D+02  0.60000000000000D+01
 
 No information on the potentials yet 
 
 **** Database of total energy derivatives ****
 Number of data blocks=    2
  
 1st derivatives              - # elements :      15
   1   1 -0.89142272366588D-04  0.00000000000000D+00
   2   1  0.90845940146786D-04  0.00000000000000D+00
   3   1 -0.66728263052455D-05  0.00000000000000D+00
   1   2  0.45009615712100D-04  0.00000000000000D+00
   2   2 -0.45903133207598D-04  0.00000000000000D+00
   3   2  0.98696138508599D-02  0.00000000000000D+00
   1   3  0.44960809996949D-04  0.00000000000000D+00
   2   3 -0.46207991719552D-04  0.00000000000000D+00
   3   3 -0.98627810967128D-02  0.00000000000000D+00
   1   6 -0.30589302025944D-04  0.00000000000000D+00
   2   6 -0.29604800498452D-04  0.00000000000000D+00
   3   6 -0.13561988689074D-05  0.00000000000000D+00
   1   7 -0.56863917436755D-10  0.00000000000000D+00
   2   7 -0.14143827226350D-09  0.00000000000000D+00
   3   7  0.77542272899483D-09  0.00000000000000D+00
  
 Total energy                 - # elements :       1
 -0.92383042652320D+02  0.00000000000000D+00
