 Fermi (or HOMO) energy (hartree) =  -0.06581   Average Vxc (hartree)=  -0.14376
 Eigenvalues (hartree) for nkpt=   8  k points:
 kpt#   1, nband= 14, wtk=  0.12500, kpt=  0.1250  0.1250  0.5000 (reduced coord)
  -2.29720   -1.34700   -1.34463   -1.34087   -0.55736   -0.52424   -0.24670   -0.19460
  -0.17908   -0.15820   -0.13298   -0.09582   -0.08269    0.01463
 kpt#   2, nband= 14, wtk=  0.12500, kpt=  0.3750  0.1250  0.5000 (reduced coord)
  -2.29625   -1.35276   -1.34515   -1.34384   -0.51014   -0.50456   -0.26528   -0.24246
  -0.20685   -0.17902   -0.13117   -0.12906   -0.07842    0.02394
 kpt#   3, nband= 14, wtk=  0.12500, kpt= -0.3750  0.1250  0.5000 (reduced coord)
  -2.29664   -1.34961   -1.34591   -1.34243   -0.53178   -0.51339   -0.24907   -0.21365
  -0.20110   -0.17892   -0.13164   -0.10996   -0.09078    0.01202
 kpt#   4, nband= 14, wtk=  0.12500, kpt= -0.1250  0.1250  0.5000 (reduced coord)
  -2.29759   -1.34776   -1.34149   -1.33931   -0.57326   -0.53094   -0.26049   -0.17290
  -0.15767   -0.14558   -0.12680   -0.10082   -0.06980    0.03080
 kpt#   5, nband= 14, wtk=  0.12500, kpt=  0.1250  0.3750  0.5000 (reduced coord)
  -2.29625   -1.35276   -1.34515   -1.34384   -0.51014   -0.50456   -0.26528   -0.24246
  -0.20685   -0.17902   -0.13117   -0.12906   -0.07842    0.02394
 kpt#   6, nband= 14, wtk=  0.12500, kpt=  0.3750  0.3750  0.5000 (reduced coord)
  -2.29608   -1.35166   -1.34691   -1.34483   -0.50111   -0.49958   -0.25903   -0.24562
  -0.20548   -0.18004   -0.17333   -0.13824   -0.06581    0.01119
 kpt#   7, nband= 14, wtk=  0.12500, kpt= -0.3750  0.3750  0.5000 (reduced coord)
  -2.29648   -1.35211   -1.34560   -1.34177   -0.52307   -0.51002   -0.26310   -0.22722
  -0.20679   -0.16980   -0.12773   -0.10161   -0.09610    0.02271
 kpt#   8, nband= 14, wtk=  0.12500, kpt= -0.1250  0.3750  0.5000 (reduced coord)
  -2.29664   -1.34961   -1.34591   -1.34243   -0.53178   -0.51339   -0.24907   -0.21365
  -0.20110   -0.17892   -0.13164   -0.10996   -0.09078    0.01202
