 Fermi (or HOMO) energy (hartree) =  -0.06586   Average Vxc (hartree)=  -0.14487
 Eigenvalues (hartree) for nkpt=  18  k points:
 kpt#   1, nband= 14, wtk=  0.05556, kpt=  0.0833  0.0833  0.5000 (reduced coord)
  -2.29663   -1.34532   -1.33976   -1.33764   -0.56902   -0.52833   -0.25612   -0.17609
  -0.16064   -0.14177   -0.13298   -0.09587   -0.07037    0.02806
 kpt#   2, nband= 14, wtk=  0.05556, kpt=  0.2500  0.0833  0.5000 (reduced coord)
  -2.29580   -1.34635   -1.34386   -1.33946   -0.53735   -0.51501   -0.24591   -0.20489
  -0.20139   -0.16815   -0.12182   -0.10903   -0.09169    0.01451
 kpt#   3, nband= 14, wtk=  0.05556, kpt=  0.4167  0.0833  0.5000 (reduced coord)
  -2.29525   -1.35123   -1.34280   -1.34082   -0.50844   -0.50334   -0.26957   -0.24025
  -0.20840   -0.17621   -0.13001   -0.11345   -0.07751    0.02661
 kpt#   4, nband= 14, wtk=  0.05556, kpt= -0.4167  0.0833  0.5000 (reduced coord)
  -2.29546   -1.34947   -1.34318   -1.34034   -0.51985   -0.50785   -0.25922   -0.22718
  -0.20328   -0.17435   -0.12195   -0.11828   -0.08652    0.02129
 kpt#   5, nband= 14, wtk=  0.05556, kpt= -0.2500  0.0833  0.5000 (reduced coord)
  -2.29623   -1.34463   -1.34281   -1.33847   -0.55512   -0.52244   -0.24513   -0.19416
  -0.18069   -0.15407   -0.13009   -0.09750   -0.08202    0.01630
 kpt#   6, nband= 14, wtk=  0.05556, kpt= -0.0833  0.0833  0.5000 (reduced coord)
  -2.29686   -1.34574   -1.33795   -1.33715   -0.57657   -0.53152   -0.26417   -0.16202
  -0.14920   -0.14490   -0.11839   -0.10245   -0.06586    0.04154
 kpt#   7, nband= 14, wtk=  0.05556, kpt=  0.0833  0.2500  0.5000 (reduced coord)
  -2.29580   -1.34635   -1.34386   -1.33946   -0.53735   -0.51501   -0.24591   -0.20489
  -0.20139   -0.16815   -0.12182   -0.10903   -0.09169    0.01451
 kpt#   8, nband= 14, wtk=  0.05556, kpt=  0.2500  0.2500  0.5000 (reduced coord)
  -2.29528   -1.34902   -1.34316   -1.34284   -0.50930   -0.50270   -0.24969   -0.24269
  -0.19227   -0.18098   -0.16749   -0.12175   -0.07826    0.02151
 kpt#   9, nband= 14, wtk=  0.05556, kpt=  0.4167  0.2500  0.5000 (reduced coord)
  -2.29512   -1.34922   -1.34463   -1.34253   -0.50078   -0.49879   -0.25578   -0.24540
  -0.20100   -0.17809   -0.17347   -0.13459   -0.06677    0.01466
 kpt#  10, nband= 14, wtk=  0.05556, kpt= -0.4167  0.2500  0.5000 (reduced coord)
  -2.29552   -1.34811   -1.34330   -1.34113   -0.52297   -0.50878   -0.24925   -0.22181
  -0.19663   -0.18257   -0.14169   -0.11059   -0.08663    0.01580
 kpt#  11, nband= 14, wtk=  0.05556, kpt= -0.2500  0.2500  0.5000 (reduced coord)
  -2.29609   -1.34440   -1.34436   -1.33859   -0.54884   -0.51984   -0.24459   -0.19935
  -0.19315   -0.14938   -0.12191   -0.11043   -0.08844    0.01865
 kpt#  12, nband= 14, wtk=  0.05556, kpt= -0.0833  0.2500  0.5000 (reduced coord)
  -2.29623   -1.34463   -1.34281   -1.33847   -0.55512   -0.52244   -0.24513   -0.19416
  -0.18069   -0.15407   -0.13009   -0.09750   -0.08202    0.01630
 kpt#  13, nband= 14, wtk=  0.05556, kpt=  0.0833  0.4167  0.5000 (reduced coord)
  -2.29525   -1.35123   -1.34280   -1.34082   -0.50844   -0.50334   -0.26957   -0.24025
  -0.20840   -0.17621   -0.13001   -0.11345   -0.07751    0.02661
 kpt#  14, nband= 14, wtk=  0.05556, kpt=  0.2500  0.4167  0.5000 (reduced coord)
  -2.29512   -1.34922   -1.34463   -1.34253   -0.50078   -0.49879   -0.25578   -0.24540
  -0.20100   -0.17809   -0.17347   -0.13459   -0.06677    0.01466
 kpt#  15, nband= 14, wtk=  0.05556, kpt=  0.4167  0.4167  0.5000 (reduced coord)
  -2.29519   -1.35057   -1.34266   -1.34264   -0.50348   -0.50059   -0.26020   -0.24929
  -0.20597   -0.17628   -0.14600   -0.13183   -0.07066    0.02255
 kpt#  16, nband= 14, wtk=  0.05556, kpt= -0.4167  0.4167  0.5000 (reduced coord)
  -2.29535   -1.35081   -1.34299   -1.34000   -0.51449   -0.50595   -0.26851   -0.23306
  -0.20773   -0.17203   -0.12953   -0.09572   -0.09005    0.02516
 kpt#  17, nband= 14, wtk=  0.05556, kpt= -0.2500  0.4167  0.5000 (reduced coord)
  -2.29552   -1.34811   -1.34330   -1.34113   -0.52297   -0.50878   -0.24925   -0.22181
  -0.19663   -0.18257   -0.14169   -0.11059   -0.08663    0.01580
 kpt#  18, nband= 14, wtk=  0.05556, kpt= -0.0833  0.4167  0.5000 (reduced coord)
  -2.29546   -1.34947   -1.34318   -1.34034   -0.51985   -0.50785   -0.25922   -0.22718
  -0.20328   -0.17435   -0.12195   -0.11828   -0.08652    0.02129
