
 **** DERIVATIVE DATABASE ****    
+DDB, Version number  20230401

  Note : temporary (transfer) database

    usepaw         0
     natom         3
      nkpt         8
    nsppol         1
      nsym         1
    ntypat         2
    occopt         1
     nband        14
     acell  0.59526373185898D+01  0.59526373185898D+01  0.37794522657713D+02
       amu  0.95940000000000D+02  0.32066000000000D+02
   dilatmx  0.10000000000000D+01
      ecut  0.25000000000000D+02
    ecutsm  0.00000000000000D+00
     intxc         0
      iscf         7
       ixc        11
       kpt  0.12500000000000D+00  0.12500000000000D+00  0.50000000000000D+00
            0.37500000000000D+00  0.12500000000000D+00  0.50000000000000D+00
           -0.37500000000000D+00  0.12500000000000D+00  0.50000000000000D+00
           -0.12500000000000D+00  0.12500000000000D+00  0.50000000000000D+00
            0.12500000000000D+00  0.37500000000000D+00  0.50000000000000D+00
            0.37500000000000D+00  0.37500000000000D+00  0.50000000000000D+00
           -0.37500000000000D+00  0.37500000000000D+00  0.50000000000000D+00
           -0.12500000000000D+00  0.37500000000000D+00  0.50000000000000D+00
    kptnrm  0.10000000000000D+01
     ngfft        30   30  180
    nspden         1
   nspinor         1
       occ  0.20000000000000D+01  0.20000000000000D+01  0.20000000000000D+01
            0.20000000000000D+01  0.20000000000000D+01  0.20000000000000D+01
            0.20000000000000D+01  0.20000000000000D+01  0.20000000000000D+01
            0.20000000000000D+01  0.20000000000000D+01  0.20000000000000D+01
            0.20000000000000D+01  0.00000000000000D+00
     rprim  0.50000000000000D+00 -0.86602540378000D+00  0.00000000000000D+00
            0.50000000000000D+00  0.86602540378000D+00  0.00000000000000D+00
            0.00000000000000D+00  0.00000000000000D+00  0.10000000000000D+01
  dfpt_sciss  0.00000000000000D+00
    spinat  0.00000000000000D+00  0.00000000000000D+00  0.00000000000000D+00
            0.00000000000000D+00  0.00000000000000D+00  0.00000000000000D+00
            0.00000000000000D+00  0.00000000000000D+00  0.00000000000000D+00
    symafm         1
    symrel         1    0    0    0    1    0    0    0    1
     tnons  0.00000000000000D+00  0.00000000000000D+00  0.00000000000000D+00
    tolwfr  0.10000000000000D+01
   tphysel  0.00000000000000D+00
    tsmear  0.10000000000000D-01
     typat         1    2    2
       wtk  0.12500000000000D+00  0.12500000000000D+00  0.12500000000000D+00
            0.12500000000000D+00  0.12500000000000D+00  0.12500000000000D+00
            0.12500000000000D+00  0.12500000000000D+00
      xred  0.33298247409454D+00  0.66701769866080D+00  0.33285550229428D-08
            0.66684236937086D+00  0.33315806937311D+00 -0.78765314014697D-01
            0.66684182320127D+00  0.33315756529942D+00  0.78765310686141D-01
     znucl  0.42000000000000D+02  0.16000000000000D+02
      zion  0.14000000000000D+02  0.60000000000000D+01
 
 No information on the potentials yet 
 
 **** Database of total energy derivatives ****
 Number of data blocks=    2
  
 1st derivatives              - # elements :      15
   1   1 -0.15777668915381D-02  0.00000000000000D+00
   2   1  0.15800679406405D-02  0.00000000000000D+00
   3   1  0.22905325940332D-05  0.00000000000000D+00
   1   2  0.78962412127628D-03  0.00000000000000D+00
   2   2 -0.78925734733887D-03  0.00000000000000D+00
   3   2  0.94388836147922D-02  0.00000000000000D+00
   1   3  0.78859881594421D-03  0.00000000000000D+00
   2   3 -0.79007001948250D-03  0.00000000000000D+00
   3   3 -0.94411863337614D-02  0.00000000000000D+00
   1   6  0.52822485622785D-04  0.00000000000000D+00
   2   6  0.46793429990964D-04  0.00000000000000D+00
   3   6  0.83433614698943D-04  0.00000000000000D+00
   1   7  0.53140168290586D-10  0.00000000000000D+00
   2   7 -0.76057916957731D-09  0.00000000000000D+00
   3   7 -0.49895280937627D-09  0.00000000000000D+00
  
 Total energy                 - # elements :       1
 -0.92364715004850D+02  0.00000000000000D+00
