 Fermi (or HOMO) energy (hartree) =  -0.06482   Average Vxc (hartree)=  -0.14419
 Eigenvalues (hartree) for nkpt=   8  k points:
 kpt#   1, nband= 14, wtk=  0.12500, kpt=  0.1250  0.1250  0.5000 (reduced coord)
  -2.29650   -1.34594   -1.34354   -1.33981   -0.55629   -0.52326   -0.24561   -0.19350
  -0.17806   -0.15714   -0.13183   -0.09491   -0.08179    0.01541
 kpt#   2, nband= 14, wtk=  0.12500, kpt=  0.3750  0.1250  0.5000 (reduced coord)
  -2.29555   -1.35169   -1.34408   -1.34278   -0.50907   -0.50354   -0.26421   -0.24143
  -0.20581   -0.17798   -0.13013   -0.12820   -0.07740    0.02486
 kpt#   3, nband= 14, wtk=  0.12500, kpt= -0.3750  0.1250  0.5000 (reduced coord)
  -2.29595   -1.34854   -1.34486   -1.34136   -0.53071   -0.51240   -0.24795   -0.21259
  -0.20007   -0.17790   -0.13057   -0.10907   -0.08978    0.01284
 kpt#   4, nband= 14, wtk=  0.12500, kpt= -0.1250  0.1250  0.5000 (reduced coord)
  -2.29689   -1.34671   -1.34042   -1.33826   -0.57219   -0.52998   -0.25943   -0.17174
  -0.15672   -0.14442   -0.12565   -0.09989   -0.06899    0.03159
 kpt#   5, nband= 14, wtk=  0.12500, kpt=  0.1250  0.3750  0.5000 (reduced coord)
  -2.29555   -1.35169   -1.34408   -1.34278   -0.50907   -0.50354   -0.26421   -0.24143
  -0.20581   -0.17798   -0.13013   -0.12820   -0.07740    0.02486
 kpt#   6, nband= 14, wtk=  0.12500, kpt=  0.3750  0.3750  0.5000 (reduced coord)
  -2.29539   -1.35058   -1.34583   -1.34378   -0.50002   -0.49856   -0.25793   -0.24457
  -0.20443   -0.17901   -0.17235   -0.13739   -0.06482    0.01221
 kpt#   7, nband= 14, wtk=  0.12500, kpt= -0.3750  0.3750  0.5000 (reduced coord)
  -2.29578   -1.35103   -1.34454   -1.34069   -0.52198   -0.50902   -0.26201   -0.22621
  -0.20575   -0.16866   -0.12690   -0.10050   -0.09516    0.03081
 kpt#   8, nband= 14, wtk=  0.12500, kpt= -0.1250  0.3750  0.5000 (reduced coord)
  -2.29595   -1.34854   -1.34486   -1.34136   -0.53071   -0.51240   -0.24795   -0.21259
  -0.20007   -0.17790   -0.13057   -0.10907   -0.08978    0.01284
