
 **** DERIVATIVE DATABASE ****    
+DDB, Version number  20230401

  Note : temporary (transfer) database

    usepaw         0
     natom         3
      nkpt         8
    nsppol         1
      nsym         1
    ntypat         2
    occopt         1
     nband        14
     acell  0.59526373185898D+01  0.59526373185898D+01  0.37794522657713D+02
       amu  0.95940000000000D+02  0.32066000000000D+02
   dilatmx  0.10000000000000D+01
      ecut  0.20000000000000D+02
    ecutsm  0.00000000000000D+00
     intxc         0
      iscf         7
       ixc        11
       kpt  0.12500000000000D+00  0.12500000000000D+00  0.50000000000000D+00
            0.37500000000000D+00  0.12500000000000D+00  0.50000000000000D+00
           -0.37500000000000D+00  0.12500000000000D+00  0.50000000000000D+00
           -0.12500000000000D+00  0.12500000000000D+00  0.50000000000000D+00
            0.12500000000000D+00  0.37500000000000D+00  0.50000000000000D+00
            0.37500000000000D+00  0.37500000000000D+00  0.50000000000000D+00
           -0.37500000000000D+00  0.37500000000000D+00  0.50000000000000D+00
           -0.12500000000000D+00  0.37500000000000D+00  0.50000000000000D+00
    kptnrm  0.10000000000000D+01
     ngfft        24   24  160
    nspden         1
   nspinor         1
       occ  0.20000000000000D+01  0.20000000000000D+01  0.20000000000000D+01
            0.20000000000000D+01  0.20000000000000D+01  0.20000000000000D+01
            0.20000000000000D+01  0.20000000000000D+01  0.20000000000000D+01
            0.20000000000000D+01  0.20000000000000D+01  0.20000000000000D+01
            0.20000000000000D+01  0.00000000000000D+00
     rprim  0.50000000000000D+00 -0.86602540378000D+00  0.00000000000000D+00
            0.50000000000000D+00  0.86602540378000D+00  0.00000000000000D+00
            0.00000000000000D+00  0.00000000000000D+00  0.10000000000000D+01
  dfpt_sciss  0.00000000000000D+00
    spinat  0.00000000000000D+00  0.00000000000000D+00  0.00000000000000D+00
            0.00000000000000D+00  0.00000000000000D+00  0.00000000000000D+00
            0.00000000000000D+00  0.00000000000000D+00  0.00000000000000D+00
    symafm         1
    symrel         1    0    0    0    1    0    0    0    1
     tnons  0.00000000000000D+00  0.00000000000000D+00  0.00000000000000D+00
    tolwfr  0.10000000000000D+01
   tphysel  0.00000000000000D+00
    tsmear  0.10000000000000D-01
     typat         1    2    2
       wtk  0.12500000000000D+00  0.12500000000000D+00  0.12500000000000D+00
            0.12500000000000D+00  0.12500000000000D+00  0.12500000000000D+00
            0.12500000000000D+00  0.12500000000000D+00
      xred  0.33296214648650D+00  0.66703786841828D+00  0.49018062010938D-09
            0.66685199969477D+00  0.33314749735084D+00 -0.78786916697669D-01
            0.66685252048540D+00  0.33314796756421D+00  0.78786916207488D-01
     znucl  0.42000000000000D+02  0.16000000000000D+02
      zion  0.14000000000000D+02  0.60000000000000D+01
 
 No information on the potentials yet 
 
 **** Database of total energy derivatives ****
 Number of data blocks=    2
  
 1st derivatives              - # elements :      15
   1   1 -0.21030398974922D-02  0.00000000000000D+00
   2   1  0.21033595987831D-02  0.00000000000000D+00
   3   1  0.31199988778563D-06  0.00000000000000D+00
   1   2  0.10488159094128D-02  0.00000000000000D+00
   2   2 -0.10514401978176D-02  0.00000000000000D+00
   3   2  0.56169339190934D-02  0.00000000000000D+00
   1   3  0.10495965943920D-02  0.00000000000000D+00
   2   3 -0.10509125131278D-02  0.00000000000000D+00
   3   3 -0.56172394865290D-02  0.00000000000000D+00
   1   6  0.20616800948747D-03  0.00000000000000D+00
   2   6  0.19875089748676D-03  0.00000000000000D+00
   3   6  0.23259379073592D-03  0.00000000000000D+00
   1   7 -0.62398320215600D-10  0.00000000000000D+00
   2   7  0.73323803590355D-09  0.00000000000000D+00
   3   7 -0.37674176911870D-09  0.00000000000000D+00
  
 Total energy                 - # elements :       1
 -0.92305103514525D+02  0.00000000000000D+00
