
 **** DERIVATIVE DATABASE ****    
+DDB, Version number  20230401

  Note : temporary (transfer) database

    usepaw         0
     natom         3
      nkpt         8
    nsppol         1
      nsym         1
    ntypat         2
    occopt         1
     nband        14
     acell  0.59526373185898D+01  0.59526373185898D+01  0.37794522657713D+02
       amu  0.95940000000000D+02  0.32066000000000D+02
   dilatmx  0.10000000000000D+01
      ecut  0.30000000000000D+02
    ecutsm  0.00000000000000D+00
     intxc         0
      iscf         7
       ixc        11
       kpt  0.12500000000000D+00  0.12500000000000D+00  0.50000000000000D+00
            0.37500000000000D+00  0.12500000000000D+00  0.50000000000000D+00
           -0.37500000000000D+00  0.12500000000000D+00  0.50000000000000D+00
           -0.12500000000000D+00  0.12500000000000D+00  0.50000000000000D+00
            0.12500000000000D+00  0.37500000000000D+00  0.50000000000000D+00
            0.37500000000000D+00  0.37500000000000D+00  0.50000000000000D+00
           -0.37500000000000D+00  0.37500000000000D+00  0.50000000000000D+00
           -0.12500000000000D+00  0.37500000000000D+00  0.50000000000000D+00
    kptnrm  0.10000000000000D+01
     ngfft        30   30  192
    nspden         1
   nspinor         1
       occ  0.20000000000000D+01  0.20000000000000D+01  0.20000000000000D+01
            0.20000000000000D+01  0.20000000000000D+01  0.20000000000000D+01
            0.20000000000000D+01  0.20000000000000D+01  0.20000000000000D+01
            0.20000000000000D+01  0.20000000000000D+01  0.20000000000000D+01
            0.20000000000000D+01  0.00000000000000D+00
     rprim  0.50000000000000D+00 -0.86602540378000D+00  0.00000000000000D+00
            0.50000000000000D+00  0.86602540378000D+00  0.00000000000000D+00
            0.00000000000000D+00  0.00000000000000D+00  0.10000000000000D+01
  dfpt_sciss  0.00000000000000D+00
    spinat  0.00000000000000D+00  0.00000000000000D+00  0.00000000000000D+00
            0.00000000000000D+00  0.00000000000000D+00  0.00000000000000D+00
            0.00000000000000D+00  0.00000000000000D+00  0.00000000000000D+00
    symafm         1
    symrel         1    0    0    0    1    0    0    0    1
     tnons  0.00000000000000D+00  0.00000000000000D+00  0.00000000000000D+00
    tolwfr  0.10000000000000D+01
   tphysel  0.00000000000000D+00
    tsmear  0.10000000000000D-01
     typat         1    2    2
       wtk  0.12500000000000D+00  0.12500000000000D+00  0.12500000000000D+00
            0.12500000000000D+00  0.12500000000000D+00  0.12500000000000D+00
            0.12500000000000D+00  0.12500000000000D+00
      xred  0.33297837850447D+00  0.66702175403785D+00  0.15200104081667D-06
            0.66684434399653D+00  0.33315586741168D+00 -0.78764310990066D-01
            0.66684394416566D+00  0.33315571188381D+00  0.78764158989025D-01
     znucl  0.42000000000000D+02  0.16000000000000D+02
      zion  0.14000000000000D+02  0.60000000000000D+01
 
 No information on the potentials yet 
 
 **** Database of total energy derivatives ****
 Number of data blocks=    2
  
 1st derivatives              - # elements :      15
   1   1 -0.16114379825610D-02  0.00000000000000D+00
   2   1  0.16130639389734D-02  0.00000000000000D+00
   3   1  0.10621854691743D-03  0.00000000000000D+00
   1   2  0.80730217284807D-03  0.00000000000000D+00
   2   2 -0.80694629879610D-03  0.00000000000000D+00
   3   2  0.71622231036486D-02  0.00000000000000D+00
   1   3  0.80578403435646D-03  0.00000000000000D+00
   2   3 -0.80710851649345D-03  0.00000000000000D+00
   3   3 -0.72695093997213D-02  0.00000000000000D+00
   1   6 -0.10065848318350D-04  0.00000000000000D+00
   2   6 -0.15657059693534D-04  0.00000000000000D+00
   3   6  0.20398929263729D-04  0.00000000000000D+00
   1   7  0.34307861284312D-09  0.00000000000000D+00
   2   7 -0.43357031099583D-09  0.00000000000000D+00
   3   7 -0.28556864521653D-10  0.00000000000000D+00
  
 Total energy                 - # elements :       1
 -0.92379708480770D+02  0.00000000000000D+00
