 Fermi (or HOMO) energy (hartree) =  -0.06624   Average Vxc (hartree)=  -0.14761
 Eigenvalues (hartree) for nkpt=  18  k points:
 kpt#   1, nband= 14, wtk=  0.05556, kpt=  0.0833  0.0833  0.5000 (reduced coord)
  -2.27021   -1.35127   -1.34541   -1.34325   -0.56723   -0.52844   -0.25453   -0.17570
  -0.16122   -0.14186   -0.13339   -0.09602   -0.07084    0.02792
 kpt#   2, nband= 14, wtk=  0.05556, kpt=  0.2500  0.0833  0.5000 (reduced coord)
  -2.27114   -1.35238   -1.34991   -1.34530   -0.53633   -0.51518   -0.24615   -0.20545
  -0.19925   -0.16874   -0.12221   -0.10930   -0.09228    0.01434
 kpt#   3, nband= 14, wtk=  0.05556, kpt=  0.4167  0.0833  0.5000 (reduced coord)
  -2.27049   -1.35712   -1.34881   -1.34671   -0.50815   -0.50352   -0.26812   -0.24072
  -0.20872   -0.17671   -0.13057   -0.11333   -0.07797    0.02579
 kpt#   4, nband= 14, wtk=  0.05556, kpt= -0.4167  0.0833  0.5000 (reduced coord)
  -2.27091   -1.35548   -1.34916   -1.34622   -0.51926   -0.50804   -0.25863   -0.22767
  -0.20252   -0.17489   -0.12237   -0.11831   -0.08700    0.02071
 kpt#   5, nband= 14, wtk=  0.05556, kpt= -0.2500  0.0833  0.5000 (reduced coord)
  -2.27065   -1.35066   -1.34876   -1.34410   -0.55368   -0.52259   -0.24460   -0.19267
  -0.18133   -0.15454   -0.13037   -0.09765   -0.08256    0.01616
 kpt#   6, nband= 14, wtk=  0.05556, kpt= -0.0833  0.0833  0.5000 (reduced coord)
  -2.26987   -1.35163   -1.34343   -1.34269   -0.57468   -0.53161   -0.26222   -0.16188
  -0.14935   -0.14533   -0.11875   -0.10265   -0.06624    0.04158
 kpt#   7, nband= 14, wtk=  0.05556, kpt=  0.0833  0.2500  0.5000 (reduced coord)
  -2.27114   -1.35238   -1.34991   -1.34530   -0.53633   -0.51518   -0.24615   -0.20545
  -0.19925   -0.16874   -0.12221   -0.10930   -0.09228    0.01434
 kpt#   8, nband= 14, wtk=  0.05556, kpt=  0.2500  0.2500  0.5000 (reduced coord)
  -2.27047   -1.35495   -1.34895   -1.34875   -0.50899   -0.50288   -0.24907   -0.24331
  -0.19112   -0.18150   -0.16762   -0.12217   -0.07886    0.02105
 kpt#   9, nband= 14, wtk=  0.05556, kpt=  0.4167  0.2500  0.5000 (reduced coord)
  -2.27053   -1.35507   -1.35038   -1.34865   -0.50070   -0.49898   -0.25646   -0.24408
  -0.20096   -0.17787   -0.17381   -0.13521   -0.06759    0.01465
 kpt#  10, nband= 14, wtk=  0.05556, kpt= -0.4167  0.2500  0.5000 (reduced coord)
  -2.27076   -1.35412   -1.34935   -1.34683   -0.52228   -0.50895   -0.24925   -0.22235
  -0.19483   -0.18322   -0.14192   -0.11089   -0.08722    0.01574
 kpt#  11, nband= 14, wtk=  0.05556, kpt= -0.2500  0.2500  0.5000 (reduced coord)
  -2.27117   -1.35042   -1.35034   -1.34436   -0.54755   -0.52002   -0.24449   -0.19752
  -0.19380   -0.14988   -0.12221   -0.11064   -0.08901    0.01833
 kpt#  12, nband= 14, wtk=  0.05556, kpt= -0.0833  0.2500  0.5000 (reduced coord)
  -2.27065   -1.35066   -1.34876   -1.34410   -0.55368   -0.52259   -0.24460   -0.19267
  -0.18133   -0.15454   -0.13037   -0.09765   -0.08256    0.01616
 kpt#  13, nband= 14, wtk=  0.05556, kpt=  0.0833  0.4167  0.5000 (reduced coord)
  -2.27049   -1.35712   -1.34881   -1.34671   -0.50815   -0.50352   -0.26812   -0.24072
  -0.20872   -0.17671   -0.13057   -0.11333   -0.07797    0.02579
 kpt#  14, nband= 14, wtk=  0.05556, kpt=  0.2500  0.4167  0.5000 (reduced coord)
  -2.27053   -1.35507   -1.35038   -1.34865   -0.50070   -0.49898   -0.25646   -0.24408
  -0.20096   -0.17787   -0.17381   -0.13521   -0.06759    0.01465
 kpt#  15, nband= 14, wtk=  0.05556, kpt=  0.4167  0.4167  0.5000 (reduced coord)
  -2.27070   -1.35634   -1.34880   -1.34848   -0.50331   -0.50078   -0.25866   -0.24989
  -0.20643   -0.17675   -0.14561   -0.13242   -0.07138    0.02207
 kpt#  16, nband= 14, wtk=  0.05556, kpt= -0.4167  0.4167  0.5000 (reduced coord)
  -2.27145   -1.35676   -1.34905   -1.34614   -0.51405   -0.50617   -0.26738   -0.23352
  -0.20771   -0.17263   -0.13006   -0.09592   -0.09037    0.02408
 kpt#  17, nband= 14, wtk=  0.05556, kpt= -0.2500  0.4167  0.5000 (reduced coord)
  -2.27076   -1.35412   -1.34935   -1.34683   -0.52228   -0.50895   -0.24925   -0.22235
  -0.19483   -0.18322   -0.14192   -0.11089   -0.08722    0.01574
 kpt#  18, nband= 14, wtk=  0.05556, kpt= -0.0833  0.4167  0.5000 (reduced coord)
  -2.27091   -1.35548   -1.34916   -1.34622   -0.51926   -0.50804   -0.25863   -0.22767
  -0.20252   -0.17489   -0.12237   -0.11831   -0.08700    0.02071
