
 **** DERIVATIVE DATABASE ****    
+DDB, Version number  20230401

  Note : temporary (transfer) database

    usepaw         0
     natom         3
      nkpt        18
    nsppol         1
      nsym         1
    ntypat         2
    occopt         1
     nband        14
     acell  0.59526373185898D+01  0.59526373185898D+01  0.37794522657713D+02
       amu  0.95940000000000D+02  0.32066000000000D+02
   dilatmx  0.10000000000000D+01
      ecut  0.20000000000000D+02
    ecutsm  0.00000000000000D+00
     intxc         0
      iscf         7
       ixc        11
       kpt  0.83333333333333D-01  0.83333333333333D-01  0.50000000000000D+00
            0.25000000000000D+00  0.83333333333333D-01  0.50000000000000D+00
            0.41666666666667D+00  0.83333333333333D-01  0.50000000000000D+00
           -0.41666666666667D+00  0.83333333333333D-01  0.50000000000000D+00
           -0.25000000000000D+00  0.83333333333333D-01  0.50000000000000D+00
           -0.83333333333333D-01  0.83333333333333D-01  0.50000000000000D+00
            0.83333333333333D-01  0.25000000000000D+00  0.50000000000000D+00
            0.25000000000000D+00  0.25000000000000D+00  0.50000000000000D+00
            0.41666666666667D+00  0.25000000000000D+00  0.50000000000000D+00
           -0.41666666666667D+00  0.25000000000000D+00  0.50000000000000D+00
           -0.25000000000000D+00  0.25000000000000D+00  0.50000000000000D+00
           -0.83333333333333D-01  0.25000000000000D+00  0.50000000000000D+00
            0.83333333333333D-01  0.41666666666667D+00  0.50000000000000D+00
            0.25000000000000D+00  0.41666666666667D+00  0.50000000000000D+00
            0.41666666666667D+00  0.41666666666667D+00  0.50000000000000D+00
           -0.41666666666667D+00  0.41666666666667D+00  0.50000000000000D+00
           -0.25000000000000D+00  0.41666666666667D+00  0.50000000000000D+00
           -0.83333333333333D-01  0.41666666666667D+00  0.50000000000000D+00
    kptnrm  0.10000000000000D+01
     ngfft        24   24  160
    nspden         1
   nspinor         1
       occ  0.20000000000000D+01  0.20000000000000D+01  0.20000000000000D+01
            0.20000000000000D+01  0.20000000000000D+01  0.20000000000000D+01
            0.20000000000000D+01  0.20000000000000D+01  0.20000000000000D+01
            0.20000000000000D+01  0.20000000000000D+01  0.20000000000000D+01
            0.20000000000000D+01  0.00000000000000D+00
     rprim  0.50000000000000D+00 -0.86602540378000D+00  0.00000000000000D+00
            0.50000000000000D+00  0.86602540378000D+00  0.00000000000000D+00
            0.00000000000000D+00  0.00000000000000D+00  0.10000000000000D+01
  dfpt_sciss  0.00000000000000D+00
    spinat  0.00000000000000D+00  0.00000000000000D+00  0.00000000000000D+00
            0.00000000000000D+00  0.00000000000000D+00  0.00000000000000D+00
            0.00000000000000D+00  0.00000000000000D+00  0.00000000000000D+00
    symafm         1
    symrel         1    0    0    0    1    0    0    0    1
     tnons  0.00000000000000D+00  0.00000000000000D+00  0.00000000000000D+00
    tolwfr  0.10000000000000D+01
   tphysel  0.00000000000000D+00
    tsmear  0.10000000000000D-01
     typat         1    2    2
       wtk  0.55555555555556D-01  0.55555555555556D-01  0.55555555555556D-01
            0.55555555555556D-01  0.55555555555556D-01  0.55555555555556D-01
            0.55555555555556D-01  0.55555555555556D-01  0.55555555555556D-01
            0.55555555555556D-01  0.55555555555556D-01  0.55555555555556D-01
            0.55555555555556D-01  0.55555555555556D-01  0.55555555555556D-01
            0.55555555555556D-01  0.55555555555556D-01  0.55555555555556D-01
      xred  0.33331014979671D+00  0.66668982591379D+00  0.40692538909216D-07
            0.66667846334505D+00  0.33332193771668D+00 -0.78730987107914D-01
            0.66667805352491D+00  0.33332156970286D+00  0.78730946415375D-01
     znucl  0.42000000000000D+02  0.16000000000000D+02
      zion  0.14000000000000D+02  0.60000000000000D+01
 
 No information on the potentials yet 
 
 **** Database of total energy derivatives ****
 Number of data blocks=    2
  
 1st derivatives              - # elements :      15
   1   1 -0.99917018082416D-04  0.00000000000000D+00
   2   1  0.10112932808264D-03  0.00000000000000D+00
   3   1  0.32157692748461D-04  0.00000000000000D+00
   1   2  0.49215773048044D-04  0.00000000000000D+00
   2   2 -0.48996516942126D-04  0.00000000000000D+00
   3   2  0.10721603259857D-01  0.00000000000000D+00
   1   3  0.48462403835350D-04  0.00000000000000D+00
   2   3 -0.49484035435560D-04  0.00000000000000D+00
   3   3 -0.10754875702377D-01  0.00000000000000D+00
   1   6  0.20267685198089D-03  0.00000000000000D+00
   2   6  0.20246908304466D-03  0.00000000000000D+00
   3   6  0.23197402750850D-03  0.00000000000000D+00
   1   7  0.55041962138435D-10  0.00000000000000D+00
   2   7 -0.57339244044954D-09  0.00000000000000D+00
   3   7 -0.17356184571210D-10  0.00000000000000D+00
  
 Total energy                 - # elements :       1
 -0.92306019249434D+02  0.00000000000000D+00
