 Fermi (or HOMO) energy (hartree) =  -0.06480   Average Vxc (hartree)=  -0.14491
 Eigenvalues (hartree) for nkpt=   8  k points:
 kpt#   1, nband= 14, wtk=  0.12500, kpt=  0.1250  0.1250  0.5000 (reduced coord)
  -2.29682   -1.34530   -1.34286   -1.33923   -0.55615   -0.52313   -0.24548   -0.19336
  -0.17801   -0.15710   -0.13175   -0.09476   -0.08179    0.01542
 kpt#   2, nband= 14, wtk=  0.12500, kpt=  0.3750  0.1250  0.5000 (reduced coord)
  -2.29584   -1.35102   -1.34342   -1.34214   -0.50892   -0.50345   -0.26404   -0.24133
  -0.20570   -0.17791   -0.12995   -0.12810   -0.07733    0.02483
 kpt#   3, nband= 14, wtk=  0.12500, kpt= -0.3750  0.1250  0.5000 (reduced coord)
  -2.29624   -1.34783   -1.34421   -1.34072   -0.53056   -0.51229   -0.24783   -0.21251
  -0.19988   -0.17786   -0.13043   -0.10893   -0.08977    0.01285
 kpt#   4, nband= 14, wtk=  0.12500, kpt= -0.1250  0.1250  0.5000 (reduced coord)
  -2.29728   -1.34609   -1.33986   -1.33773   -0.57205   -0.52984   -0.25928   -0.17168
  -0.15667   -0.14440   -0.12563   -0.09976   -0.06901    0.03160
 kpt#   5, nband= 14, wtk=  0.12500, kpt=  0.1250  0.3750  0.5000 (reduced coord)
  -2.29584   -1.35102   -1.34342   -1.34214   -0.50892   -0.50345   -0.26404   -0.24133
  -0.20570   -0.17791   -0.12995   -0.12810   -0.07733    0.02483
 kpt#   6, nband= 14, wtk=  0.12500, kpt=  0.3750  0.3750  0.5000 (reduced coord)
  -2.29568   -1.34990   -1.34519   -1.34314   -0.49987   -0.49848   -0.25787   -0.24440
  -0.20428   -0.17882   -0.17219   -0.13732   -0.06480    0.01218
 kpt#   7, nband= 14, wtk=  0.12500, kpt= -0.3750  0.3750  0.5000 (reduced coord)
  -2.29607   -1.35034   -1.34389   -1.34004   -0.52184   -0.50893   -0.26187   -0.22610
  -0.20560   -0.16863   -0.12680   -0.10037   -0.09506    0.03086
 kpt#   8, nband= 14, wtk=  0.12500, kpt= -0.1250  0.3750  0.5000 (reduced coord)
  -2.29624   -1.34783   -1.34421   -1.34072   -0.53056   -0.51229   -0.24783   -0.21251
  -0.19988   -0.17786   -0.13043   -0.10893   -0.08977    0.01285
