 Fermi (or HOMO) energy (hartree) =  -0.06857   Average Vxc (hartree)=  -0.15129
 Eigenvalues (hartree) for nkpt=  18  k points:
 kpt#   1, nband= 14, wtk=  0.05556, kpt=  0.0833  0.0833  0.5000 (reduced coord)
  -2.20828   -1.41889   -1.41352   -1.41169   -0.56098   -0.52698   -0.25375   -0.17505
  -0.16292   -0.14286   -0.13291   -0.09958   -0.07274    0.02690
 kpt#   2, nband= 14, wtk=  0.05556, kpt=  0.2500  0.0833  0.5000 (reduced coord)
  -2.20600   -1.41961   -1.41765   -1.41353   -0.53128   -0.51269   -0.24794   -0.20751
  -0.19758   -0.16925   -0.12351   -0.11334   -0.09373    0.01538
 kpt#   3, nband= 14, wtk=  0.05556, kpt=  0.4167  0.0833  0.5000 (reduced coord)
  -2.20903   -1.42414   -1.41688   -1.41483   -0.50515   -0.50010   -0.26822   -0.24412
  -0.21121   -0.17836   -0.13373   -0.11679   -0.08096    0.02929
 kpt#   4, nband= 14, wtk=  0.05556, kpt= -0.4167  0.0833  0.5000 (reduced coord)
  -2.20877   -1.42253   -1.41718   -1.41436   -0.51550   -0.50520   -0.25953   -0.23058
  -0.20375   -0.17611   -0.12593   -0.12097   -0.08943    0.02227
 kpt#   5, nband= 14, wtk=  0.05556, kpt= -0.2500  0.0833  0.5000 (reduced coord)
  -2.20675   -1.41828   -1.41646   -1.41249   -0.54762   -0.52074   -0.24553   -0.19069
  -0.18283   -0.15497   -0.13090   -0.10197   -0.08363    0.01537
 kpt#   6, nband= 14, wtk=  0.05556, kpt= -0.0833  0.0833  0.5000 (reduced coord)
  -2.20917   -1.41923   -1.41184   -1.41115   -0.56823   -0.53031   -0.26060   -0.16264
  -0.14998   -0.14768   -0.11817   -0.10460   -0.06857    0.04014
 kpt#   7, nband= 14, wtk=  0.05556, kpt=  0.0833  0.2500  0.5000 (reduced coord)
  -2.20600   -1.41961   -1.41765   -1.41353   -0.53128   -0.51269   -0.24794   -0.20751
  -0.19758   -0.16925   -0.12351   -0.11334   -0.09373    0.01538
 kpt#   8, nband= 14, wtk=  0.05556, kpt=  0.2500  0.2500  0.5000 (reduced coord)
  -2.20590   -1.42200   -1.41679   -1.41678   -0.50567   -0.49912   -0.25021   -0.24485
  -0.19021   -0.18457   -0.17167   -0.12565   -0.07880    0.02264
 kpt#   9, nband= 14, wtk=  0.05556, kpt=  0.4167  0.2500  0.5000 (reduced coord)
  -2.20951   -1.42234   -1.41822   -1.41665   -0.49839   -0.49498   -0.25849   -0.24473
  -0.20301   -0.18083   -0.17798   -0.13812   -0.06878    0.01814
 kpt#  10, nband= 14, wtk=  0.05556, kpt= -0.4167  0.2500  0.5000 (reduced coord)
  -2.20556   -1.42125   -1.41727   -1.41483   -0.51786   -0.50597   -0.25055   -0.22426
  -0.19354   -0.18536   -0.14444   -0.11485   -0.08721    0.01666
 kpt#  11, nband= 14, wtk=  0.05556, kpt= -0.2500  0.2500  0.5000 (reduced coord)
  -2.20616   -1.41814   -1.41788   -1.41252   -0.54197   -0.51792   -0.24589   -0.19576
  -0.19564   -0.15016   -0.12187   -0.11516   -0.09019    0.01927
 kpt#  12, nband= 14, wtk=  0.05556, kpt= -0.0833  0.2500  0.5000 (reduced coord)
  -2.20675   -1.41828   -1.41646   -1.41249   -0.54762   -0.52074   -0.24553   -0.19069
  -0.18283   -0.15497   -0.13090   -0.10197   -0.08363    0.01537
 kpt#  13, nband= 14, wtk=  0.05556, kpt=  0.0833  0.4167  0.5000 (reduced coord)
  -2.20903   -1.42414   -1.41688   -1.41483   -0.50515   -0.50010   -0.26822   -0.24412
  -0.21121   -0.17836   -0.13373   -0.11679   -0.08096    0.02929
 kpt#  14, nband= 14, wtk=  0.05556, kpt=  0.2500  0.4167  0.5000 (reduced coord)
  -2.20951   -1.42234   -1.41822   -1.41665   -0.49839   -0.49498   -0.25849   -0.24473
  -0.20301   -0.18083   -0.17798   -0.13812   -0.06878    0.01814
 kpt#  15, nband= 14, wtk=  0.05556, kpt=  0.4167  0.4167  0.5000 (reduced coord)
  -2.21060   -1.42368   -1.41678   -1.41628   -0.50115   -0.49704   -0.25904   -0.25276
  -0.20893   -0.17966   -0.14864   -0.13584   -0.07365    0.02509
 kpt#  16, nband= 14, wtk=  0.05556, kpt= -0.4167  0.4167  0.5000 (reduced coord)
  -2.20883   -1.42386   -1.41703   -1.41404   -0.51067   -0.50283   -0.26764   -0.23704
  -0.21001   -0.17334   -0.13337   -0.09809   -0.09467    0.03614
 kpt#  17, nband= 14, wtk=  0.05556, kpt= -0.2500  0.4167  0.5000 (reduced coord)
  -2.20556   -1.42125   -1.41727   -1.41483   -0.51786   -0.50597   -0.25055   -0.22426
  -0.19354   -0.18536   -0.14444   -0.11485   -0.08721    0.01666
 kpt#  18, nband= 14, wtk=  0.05556, kpt= -0.0833  0.4167  0.5000 (reduced coord)
  -2.20877   -1.42253   -1.41718   -1.41436   -0.51550   -0.50520   -0.25953   -0.23058
  -0.20375   -0.17611   -0.12593   -0.12097   -0.08943    0.02227
