
 **** DERIVATIVE DATABASE ****    
+DDB, Version number  20230401

  Note : temporary (transfer) database

    usepaw         0
     natom         3
      nkpt         8
    nsppol         1
      nsym         1
    ntypat         2
    occopt         1
     nband        14
     acell  0.59526373185898D+01  0.59526373185898D+01  0.37794522657713D+02
       amu  0.95940000000000D+02  0.32066000000000D+02
   dilatmx  0.10000000000000D+01
      ecut  0.35000000000000D+02
    ecutsm  0.00000000000000D+00
     intxc         0
      iscf         7
       ixc        11
       kpt  0.12500000000000D+00  0.12500000000000D+00  0.50000000000000D+00
            0.37500000000000D+00  0.12500000000000D+00  0.50000000000000D+00
           -0.37500000000000D+00  0.12500000000000D+00  0.50000000000000D+00
           -0.12500000000000D+00  0.12500000000000D+00  0.50000000000000D+00
            0.12500000000000D+00  0.37500000000000D+00  0.50000000000000D+00
            0.37500000000000D+00  0.37500000000000D+00  0.50000000000000D+00
           -0.37500000000000D+00  0.37500000000000D+00  0.50000000000000D+00
           -0.12500000000000D+00  0.37500000000000D+00  0.50000000000000D+00
    kptnrm  0.10000000000000D+01
     ngfft        32   32  216
    nspden         1
   nspinor         1
       occ  0.20000000000000D+01  0.20000000000000D+01  0.20000000000000D+01
            0.20000000000000D+01  0.20000000000000D+01  0.20000000000000D+01
            0.20000000000000D+01  0.20000000000000D+01  0.20000000000000D+01
            0.20000000000000D+01  0.20000000000000D+01  0.20000000000000D+01
            0.20000000000000D+01  0.00000000000000D+00
     rprim  0.50000000000000D+00 -0.86602540378000D+00  0.00000000000000D+00
            0.50000000000000D+00  0.86602540378000D+00  0.00000000000000D+00
            0.00000000000000D+00  0.00000000000000D+00  0.10000000000000D+01
  dfpt_sciss  0.00000000000000D+00
    spinat  0.00000000000000D+00  0.00000000000000D+00  0.00000000000000D+00
            0.00000000000000D+00  0.00000000000000D+00  0.00000000000000D+00
            0.00000000000000D+00  0.00000000000000D+00  0.00000000000000D+00
    symafm         1
    symrel         1    0    0    0    1    0    0    0    1
     tnons  0.00000000000000D+00  0.00000000000000D+00  0.00000000000000D+00
    tolwfr  0.10000000000000D+01
   tphysel  0.00000000000000D+00
    tsmear  0.10000000000000D-01
     typat         1    2    2
       wtk  0.12500000000000D+00  0.12500000000000D+00  0.12500000000000D+00
            0.12500000000000D+00  0.12500000000000D+00  0.12500000000000D+00
            0.12500000000000D+00  0.12500000000000D+00
      xred  0.33294584338021D+00  0.66705424630059D+00  0.87081262556763D-07
            0.66686033348865D+00  0.33313930891046D+00 -0.78712482142558D-01
            0.66686048979781D+00  0.33313977812228D+00  0.78712395061295D-01
     znucl  0.42000000000000D+02  0.16000000000000D+02
      zion  0.14000000000000D+02  0.60000000000000D+01
 
 No information on the potentials yet 
 
 **** Database of total energy derivatives ****
 Number of data blocks=    2
  
 1st derivatives              - # elements :      15
   1   1 -0.21682062619147D-02  0.00000000000000D+00
   2   1  0.21686155827054D-02  0.00000000000000D+00
   3   1  0.59893679434543D-04  0.00000000000000D+00
   1   2  0.10851289523917D-02  0.00000000000000D+00
   2   2 -0.10858249886262D-02  0.00000000000000D+00
   3   2  0.16252179067576D-01  0.00000000000000D+00
   1   3  0.10847393250945D-02  0.00000000000000D+00
   2   3 -0.10845734243532D-02  0.00000000000000D+00
   3   3 -0.16312366621699D-01  0.00000000000000D+00
   1   6 -0.28072651815592D-04  0.00000000000000D+00
   2   6 -0.33693564722196D-04  0.00000000000000D+00
   3   6 -0.27245663504559D-06  0.00000000000000D+00
   1   7  0.40917647928781D-09  0.00000000000000D+00
   2   7  0.45329576325611D-09  0.00000000000000D+00
   3   7 -0.15857253961887D-09  0.00000000000000D+00
  
 Total energy                 - # elements :       1
 -0.92382314825832D+02  0.00000000000000D+00
