
 **** DERIVATIVE DATABASE ****    
+DDB, Version number  20230401

  Note : temporary (transfer) database

    usepaw         0
     natom         3
      nkpt        18
    nsppol         1
      nsym         1
    ntypat         2
    occopt         1
     nband        14
     acell  0.59526373185898D+01  0.59526373185898D+01  0.37794522657713D+02
       amu  0.95940000000000D+02  0.32066000000000D+02
   dilatmx  0.10000000000000D+01
      ecut  0.15000000000000D+02
    ecutsm  0.00000000000000D+00
     intxc         0
      iscf         7
       ixc        11
       kpt  0.83333333333333D-01  0.83333333333333D-01  0.50000000000000D+00
            0.25000000000000D+00  0.83333333333333D-01  0.50000000000000D+00
            0.41666666666667D+00  0.83333333333333D-01  0.50000000000000D+00
           -0.41666666666667D+00  0.83333333333333D-01  0.50000000000000D+00
           -0.25000000000000D+00  0.83333333333333D-01  0.50000000000000D+00
           -0.83333333333333D-01  0.83333333333333D-01  0.50000000000000D+00
            0.83333333333333D-01  0.25000000000000D+00  0.50000000000000D+00
            0.25000000000000D+00  0.25000000000000D+00  0.50000000000000D+00
            0.41666666666667D+00  0.25000000000000D+00  0.50000000000000D+00
           -0.41666666666667D+00  0.25000000000000D+00  0.50000000000000D+00
           -0.25000000000000D+00  0.25000000000000D+00  0.50000000000000D+00
           -0.83333333333333D-01  0.25000000000000D+00  0.50000000000000D+00
            0.83333333333333D-01  0.41666666666667D+00  0.50000000000000D+00
            0.25000000000000D+00  0.41666666666667D+00  0.50000000000000D+00
            0.41666666666667D+00  0.41666666666667D+00  0.50000000000000D+00
           -0.41666666666667D+00  0.41666666666667D+00  0.50000000000000D+00
           -0.25000000000000D+00  0.41666666666667D+00  0.50000000000000D+00
           -0.83333333333333D-01  0.41666666666667D+00  0.50000000000000D+00
    kptnrm  0.10000000000000D+01
     ngfft        24   24  135
    nspden         1
   nspinor         1
       occ  0.20000000000000D+01  0.20000000000000D+01  0.20000000000000D+01
            0.20000000000000D+01  0.20000000000000D+01  0.20000000000000D+01
            0.20000000000000D+01  0.20000000000000D+01  0.20000000000000D+01
            0.20000000000000D+01  0.20000000000000D+01  0.20000000000000D+01
            0.20000000000000D+01  0.00000000000000D+00
     rprim  0.50000000000000D+00 -0.86602540378000D+00  0.00000000000000D+00
            0.50000000000000D+00  0.86602540378000D+00  0.00000000000000D+00
            0.00000000000000D+00  0.00000000000000D+00  0.10000000000000D+01
  dfpt_sciss  0.00000000000000D+00
    spinat  0.00000000000000D+00  0.00000000000000D+00  0.00000000000000D+00
            0.00000000000000D+00  0.00000000000000D+00  0.00000000000000D+00
            0.00000000000000D+00  0.00000000000000D+00  0.00000000000000D+00
    symafm         1
    symrel         1    0    0    0    1    0    0    0    1
     tnons  0.00000000000000D+00  0.00000000000000D+00  0.00000000000000D+00
    tolwfr  0.10000000000000D+01
   tphysel  0.00000000000000D+00
    tsmear  0.10000000000000D-01
     typat         1    2    2
       wtk  0.55555555555556D-01  0.55555555555556D-01  0.55555555555556D-01
            0.55555555555556D-01  0.55555555555556D-01  0.55555555555556D-01
            0.55555555555556D-01  0.55555555555556D-01  0.55555555555556D-01
            0.55555555555556D-01  0.55555555555556D-01  0.55555555555556D-01
            0.55555555555556D-01  0.55555555555556D-01  0.55555555555556D-01
            0.55555555555556D-01  0.55555555555556D-01  0.55555555555556D-01
      xred  0.33331227777332D+00  0.66668762454934D+00  0.15818858334847D-08
            0.66667714491196D+00  0.33332280997574D+00 -0.78829253994508D-01
            0.66667724398139D+00  0.33332289880826D+00  0.78829252412622D-01
     znucl  0.42000000000000D+02  0.16000000000000D+02
      zion  0.14000000000000D+02  0.60000000000000D+01
 
 No information on the potentials yet 
 
 **** Database of total energy derivatives ****
 Number of data blocks=    2
  
 1st derivatives              - # elements :      15
   1   1 -0.55577330809801D-04  0.00000000000000D+00
   2   1  0.55031760786609D-04  0.00000000000000D+00
   3   1  0.74651326701879D-06  0.00000000000000D+00
   1   2  0.29109594445442D-04  0.00000000000000D+00
   2   2 -0.29185959946412D-04  0.00000000000000D+00
   3   2  0.57842344245799D-02  0.00000000000000D+00
   1   3  0.29295335078962D-04  0.00000000000000D+00
   2   3 -0.29128163430688D-04  0.00000000000000D+00
   3   3 -0.57845281481292D-02  0.00000000000000D+00
   1   6  0.46189144322608D-03  0.00000000000000D+00
   2   6  0.46257923304566D-03  0.00000000000000D+00
   3   6  0.49163829965680D-03  0.00000000000000D+00
   1   7 -0.37629538727103D-10  0.00000000000000D+00
   2   7  0.14296784398482D-09  0.00000000000000D+00
   3   7  0.54647961607631D-10  0.00000000000000D+00
  
 Total energy                 - # elements :       1
 -0.92123036596195D+02  0.00000000000000D+00
