 Fermi (or HOMO) energy (hartree) =  -0.06581   Average Vxc (hartree)=  -0.14416
 Eigenvalues (hartree) for nkpt=  18  k points:
 kpt#   1, nband= 14, wtk=  0.05556, kpt=  0.0833  0.0833  0.5000 (reduced coord)
  -2.29622   -1.34592   -1.34029   -1.33814   -0.56911   -0.52843   -0.25622   -0.17610
  -0.16066   -0.14176   -0.13296   -0.09597   -0.07033    0.02807
 kpt#   2, nband= 14, wtk=  0.05556, kpt=  0.2500  0.0833  0.5000 (reduced coord)
  -2.29549   -1.34705   -1.34449   -1.34005   -0.53745   -0.51508   -0.24597   -0.20492
  -0.20155   -0.16814   -0.12190   -0.10914   -0.09167    0.01453
 kpt#   3, nband= 14, wtk=  0.05556, kpt=  0.4167  0.0833  0.5000 (reduced coord)
  -2.29495   -1.35190   -1.34344   -1.34146   -0.50855   -0.50338   -0.26969   -0.24033
  -0.20846   -0.17621   -0.13007   -0.11359   -0.07758    0.02668
 kpt#   4, nband= 14, wtk=  0.05556, kpt= -0.4167  0.0833  0.5000 (reduced coord)
  -2.29515   -1.35012   -1.34382   -1.34094   -0.51995   -0.50790   -0.25932   -0.22724
  -0.20339   -0.17435   -0.12203   -0.11839   -0.08654    0.02134
 kpt#   5, nband= 14, wtk=  0.05556, kpt= -0.2500  0.0833  0.5000 (reduced coord)
  -2.29588   -1.34525   -1.34346   -1.33901   -0.55522   -0.52253   -0.24521   -0.19425
  -0.18070   -0.15406   -0.13012   -0.09762   -0.08198    0.01632
 kpt#   6, nband= 14, wtk=  0.05556, kpt= -0.0833  0.0833  0.5000 (reduced coord)
  -2.29642   -1.34629   -1.33846   -1.33764   -0.57666   -0.53163   -0.26427   -0.16199
  -0.14916   -0.14494   -0.11836   -0.10251   -0.06581    0.04154
 kpt#   7, nband= 14, wtk=  0.05556, kpt=  0.0833  0.2500  0.5000 (reduced coord)
  -2.29549   -1.34705   -1.34449   -1.34005   -0.53745   -0.51508   -0.24597   -0.20492
  -0.20155   -0.16814   -0.12190   -0.10914   -0.09167    0.01453
 kpt#   8, nband= 14, wtk=  0.05556, kpt=  0.2500  0.2500  0.5000 (reduced coord)
  -2.29495   -1.34966   -1.34376   -1.34344   -0.50940   -0.50274   -0.24980   -0.24271
  -0.19238   -0.18104   -0.16764   -0.12184   -0.07821    0.02155
 kpt#   9, nband= 14, wtk=  0.05556, kpt=  0.4167  0.2500  0.5000 (reduced coord)
  -2.29481   -1.34985   -1.34526   -1.34316   -0.50088   -0.49883   -0.25579   -0.24552
  -0.20110   -0.17824   -0.17358   -0.13465   -0.06673    0.01472
 kpt#  10, nband= 14, wtk=  0.05556, kpt= -0.4167  0.2500  0.5000 (reduced coord)
  -2.29520   -1.34876   -1.34392   -1.34174   -0.52307   -0.50884   -0.24933   -0.22183
  -0.19677   -0.18259   -0.14181   -0.11069   -0.08660    0.01582
 kpt#  11, nband= 14, wtk=  0.05556, kpt= -0.2500  0.2500  0.5000 (reduced coord)
  -2.29574   -1.34504   -1.34497   -1.33914   -0.54894   -0.51992   -0.24466   -0.19948
  -0.19317   -0.14936   -0.12193   -0.11054   -0.08842    0.01867
 kpt#  12, nband= 14, wtk=  0.05556, kpt= -0.0833  0.2500  0.5000 (reduced coord)
  -2.29588   -1.34525   -1.34345   -1.33901   -0.55522   -0.52253   -0.24521   -0.19425
  -0.18070   -0.15406   -0.13012   -0.09762   -0.08198    0.01632
 kpt#  13, nband= 14, wtk=  0.05556, kpt=  0.0833  0.4167  0.5000 (reduced coord)
  -2.29495   -1.35190   -1.34344   -1.34146   -0.50855   -0.50338   -0.26969   -0.24033
  -0.20846   -0.17621   -0.13007   -0.11359   -0.07758    0.02668
 kpt#  14, nband= 14, wtk=  0.05556, kpt=  0.2500  0.4167  0.5000 (reduced coord)
  -2.29481   -1.34985   -1.34526   -1.34316   -0.50088   -0.49883   -0.25579   -0.24552
  -0.20110   -0.17824   -0.17358   -0.13465   -0.06673    0.01472
 kpt#  15, nband= 14, wtk=  0.05556, kpt=  0.4167  0.4167  0.5000 (reduced coord)
  -2.29486   -1.35122   -1.34325   -1.34324   -0.50359   -0.50063   -0.26033   -0.24933
  -0.20604   -0.17633   -0.14615   -0.13189   -0.07067    0.02263
 kpt#  16, nband= 14, wtk=  0.05556, kpt= -0.4167  0.4167  0.5000 (reduced coord)
  -2.29506   -1.35147   -1.34364   -1.34063   -0.51459   -0.50600   -0.26862   -0.23315
  -0.20781   -0.17201   -0.12960   -0.09581   -0.09014    0.02540
 kpt#  17, nband= 14, wtk=  0.05556, kpt= -0.2500  0.4167  0.5000 (reduced coord)
  -2.29520   -1.34876   -1.34392   -1.34174   -0.52307   -0.50884   -0.24933   -0.22183
  -0.19677   -0.18259   -0.14181   -0.11069   -0.08660    0.01582
 kpt#  18, nband= 14, wtk=  0.05556, kpt= -0.0833  0.4167  0.5000 (reduced coord)
  -2.29515   -1.35012   -1.34382   -1.34094   -0.51995   -0.50790   -0.25932   -0.22724
  -0.20339   -0.17435   -0.12203   -0.11839   -0.08654    0.02134
