
 **** DERIVATIVE DATABASE ****    
+DDB, Version number  20230401

  Note : temporary (transfer) database

    usepaw         0
     natom         3
      nkpt        18
    nsppol         1
      nsym         1
    ntypat         2
    occopt         1
     nband        14
     acell  0.59526373185898D+01  0.59526373185898D+01  0.37794522657713D+02
       amu  0.95940000000000D+02  0.32066000000000D+02
   dilatmx  0.10000000000000D+01
      ecut  0.25000000000000D+02
    ecutsm  0.00000000000000D+00
     intxc         0
      iscf         7
       ixc        11
       kpt  0.83333333333333D-01  0.83333333333333D-01  0.50000000000000D+00
            0.25000000000000D+00  0.83333333333333D-01  0.50000000000000D+00
            0.41666666666667D+00  0.83333333333333D-01  0.50000000000000D+00
           -0.41666666666667D+00  0.83333333333333D-01  0.50000000000000D+00
           -0.25000000000000D+00  0.83333333333333D-01  0.50000000000000D+00
           -0.83333333333333D-01  0.83333333333333D-01  0.50000000000000D+00
            0.83333333333333D-01  0.25000000000000D+00  0.50000000000000D+00
            0.25000000000000D+00  0.25000000000000D+00  0.50000000000000D+00
            0.41666666666667D+00  0.25000000000000D+00  0.50000000000000D+00
           -0.41666666666667D+00  0.25000000000000D+00  0.50000000000000D+00
           -0.25000000000000D+00  0.25000000000000D+00  0.50000000000000D+00
           -0.83333333333333D-01  0.25000000000000D+00  0.50000000000000D+00
            0.83333333333333D-01  0.41666666666667D+00  0.50000000000000D+00
            0.25000000000000D+00  0.41666666666667D+00  0.50000000000000D+00
            0.41666666666667D+00  0.41666666666667D+00  0.50000000000000D+00
           -0.41666666666667D+00  0.41666666666667D+00  0.50000000000000D+00
           -0.25000000000000D+00  0.41666666666667D+00  0.50000000000000D+00
           -0.83333333333333D-01  0.41666666666667D+00  0.50000000000000D+00
    kptnrm  0.10000000000000D+01
     ngfft        30   30  180
    nspden         1
   nspinor         1
       occ  0.20000000000000D+01  0.20000000000000D+01  0.20000000000000D+01
            0.20000000000000D+01  0.20000000000000D+01  0.20000000000000D+01
            0.20000000000000D+01  0.20000000000000D+01  0.20000000000000D+01
            0.20000000000000D+01  0.20000000000000D+01  0.20000000000000D+01
            0.20000000000000D+01  0.00000000000000D+00
     rprim  0.50000000000000D+00 -0.86602540378000D+00  0.00000000000000D+00
            0.50000000000000D+00  0.86602540378000D+00  0.00000000000000D+00
            0.00000000000000D+00  0.00000000000000D+00  0.10000000000000D+01
  dfpt_sciss  0.00000000000000D+00
    spinat  0.00000000000000D+00  0.00000000000000D+00  0.00000000000000D+00
            0.00000000000000D+00  0.00000000000000D+00  0.00000000000000D+00
            0.00000000000000D+00  0.00000000000000D+00  0.00000000000000D+00
    symafm         1
    symrel         1    0    0    0    1    0    0    0    1
     tnons  0.00000000000000D+00  0.00000000000000D+00  0.00000000000000D+00
    tolwfr  0.10000000000000D+01
   tphysel  0.00000000000000D+00
    tsmear  0.10000000000000D-01
     typat         1    2    2
       wtk  0.55555555555556D-01  0.55555555555556D-01  0.55555555555556D-01
            0.55555555555556D-01  0.55555555555556D-01  0.55555555555556D-01
            0.55555555555556D-01  0.55555555555556D-01  0.55555555555556D-01
            0.55555555555556D-01  0.55555555555556D-01  0.55555555555556D-01
            0.55555555555556D-01  0.55555555555556D-01  0.55555555555556D-01
            0.55555555555556D-01  0.55555555555556D-01  0.55555555555556D-01
      xred  0.33330999668627D+00  0.66668994134811D+00  0.41139509428238D-07
            0.66667828983541D+00  0.33332166407577D+00 -0.78703766027559D-01
            0.66667838014499D+00  0.33332172790945D+00  0.78703724888049D-01
     znucl  0.42000000000000D+02  0.16000000000000D+02
      zion  0.14000000000000D+02  0.60000000000000D+01
 
 No information on the potentials yet 
 
 **** Database of total energy derivatives ****
 Number of data blocks=    2
  
 1st derivatives              - # elements :      15
   1   1 -0.75309777769810D-04  0.00000000000000D+00
   2   1  0.74835578692044D-04  0.00000000000000D+00
   3   1  0.23541665785248D-04  0.00000000000000D+00
   1   2  0.38799705459366D-04  0.00000000000000D+00
   2   2 -0.38704136728174D-04  0.00000000000000D+00
   3   2  0.18119132282379D-01  0.00000000000000D+00
   1   3  0.38733028148452D-04  0.00000000000000D+00
   2   3 -0.38896346822734D-04  0.00000000000000D+00
   3   3 -0.18141897315790D-01  0.00000000000000D+00
   1   6  0.49567728742616D-04  0.00000000000000D+00
   2   6  0.50319395443655D-04  0.00000000000000D+00
   3   6  0.83314506863468D-04  0.00000000000000D+00
   1   7 -0.25749236855219D-10  0.00000000000000D+00
   2   7  0.11238384542099D-09  0.00000000000000D+00
   3   7 -0.19306199802608D-09  0.00000000000000D+00
  
 Total energy                 - # elements :       1
 -0.92365477639510D+02  0.00000000000000D+00
