 Fermi (or HOMO) energy (hartree) =  -0.06656   Average Vxc (hartree)=  -0.15147
 Eigenvalues (hartree) for nkpt=   8  k points:
 kpt#   1, nband= 14, wtk=  0.12500, kpt=  0.1250  0.1250  0.5000 (reduced coord)
  -2.20608   -1.41836   -1.41613   -1.41256   -0.54833   -0.52099   -0.24538   -0.18946
  -0.17996   -0.15737   -0.13211   -0.09893   -0.08295    0.01473
 kpt#   2, nband= 14, wtk=  0.12500, kpt=  0.3750  0.1250  0.5000 (reduced coord)
  -2.20901   -1.42353   -1.41695   -1.41541   -0.50531   -0.49997   -0.26283   -0.24447
  -0.20771   -0.18028   -0.13254   -0.13169   -0.07989    0.02689
 kpt#   3, nband= 14, wtk=  0.12500, kpt= -0.3750  0.1250  0.5000 (reduced coord)
  -2.20795   -1.42055   -1.41757   -1.41421   -0.52483   -0.50981   -0.24952   -0.21496
  -0.19625   -0.17976   -0.13258   -0.11306   -0.09147    0.01344
 kpt#   4, nband= 14, wtk=  0.12500, kpt= -0.1250  0.1250  0.5000 (reduced coord)
  -2.20867   -1.41908   -1.41307   -1.41135   -0.56352   -0.52828   -0.25619   -0.17120
  -0.15858   -0.14463   -0.12520   -0.10294   -0.07116    0.03077
 kpt#   5, nband= 14, wtk=  0.12500, kpt=  0.1250  0.3750  0.5000 (reduced coord)
  -2.20901   -1.42353   -1.41695   -1.41541   -0.50531   -0.49997   -0.26283   -0.24447
  -0.20771   -0.18028   -0.13254   -0.13169   -0.07989    0.02689
 kpt#   6, nband= 14, wtk=  0.12500, kpt=  0.3750  0.3750  0.5000 (reduced coord)
  -2.20851   -1.42241   -1.41831   -1.41661   -0.49725   -0.49407   -0.26026   -0.24300
  -0.20684   -0.18098   -0.17664   -0.14043   -0.06656    0.01787
 kpt#   7, nband= 14, wtk=  0.12500, kpt= -0.3750  0.3750  0.5000 (reduced coord)
  -2.20888   -1.42280   -1.41731   -1.41376   -0.51721   -0.50582   -0.26158   -0.22952
  -0.20622   -0.16964   -0.13063   -0.10204   -0.09843    0.03271
 kpt#   8, nband= 14, wtk=  0.12500, kpt= -0.1250  0.3750  0.5000 (reduced coord)
  -2.20795   -1.42055   -1.41757   -1.41421   -0.52483   -0.50981   -0.24952   -0.21496
  -0.19625   -0.17976   -0.13258   -0.11306   -0.09147    0.01344
