 Fermi (or HOMO) energy (hartree) =  -0.03000   Average Vxc (hartree)=  -0.13221
 Eigenvalues (hartree) for nkpt=   7  k points:
 kpt#   1, nband= 14, wtk=  0.02778, kpt=  0.0000  0.0000  0.0000 (reduced coord)
  -2.24222   -1.39213   -1.39213   -1.37722   -0.68373   -0.50837   -0.37737   -0.37737
  -0.32963   -0.13343   -0.13217   -0.13217   -0.06213   -0.06213
 kpt#   2, nband= 14, wtk=  0.16667, kpt=  0.1667  0.0000  0.0000 (reduced coord)
  -2.24128   -1.39929   -1.39365   -1.37602   -0.65889   -0.53591   -0.36732   -0.35576
  -0.31184   -0.19346   -0.17102   -0.08729   -0.04811   -0.01405
 kpt#   3, nband= 14, wtk=  0.16667, kpt=  0.3333  0.0000  0.0000 (reduced coord)
  -2.23779   -1.41302   -1.39670   -1.37361   -0.61523   -0.55911   -0.36793   -0.31050
  -0.27003   -0.23757   -0.19099   -0.09642   -0.03000   -0.01020
 kpt#   4, nband= 14, wtk=  0.08333, kpt=  0.5000  0.0000  0.0000 (reduced coord)
  -2.23666   -1.41965   -1.39823   -1.37240   -0.61556   -0.53226   -0.39208   -0.29436
  -0.24430   -0.21977   -0.16339   -0.12836   -0.06099   -0.05934
 kpt#   5, nband= 14, wtk=  0.16667, kpt=  0.1667  0.1667  0.0000 (reduced coord)
  -2.23737   -1.40830   -1.39736   -1.37421   -0.61820   -0.56504   -0.35801   -0.32404
  -0.28738   -0.22578   -0.20231   -0.06430   -0.04607    0.01460
 kpt#   6, nband= 14, wtk=  0.33333, kpt=  0.3333  0.1667  0.0000 (reduced coord)
  -2.23485   -1.41614   -1.40199   -1.37241   -0.59708   -0.55590   -0.36673   -0.31597
  -0.24731   -0.22029   -0.19285   -0.11607   -0.06649   -0.03821
 kpt#   7, nband= 14, wtk=  0.05556, kpt=  0.3333  0.3333  0.0000 (reduced coord)
  -2.23073   -1.41120   -1.41120   -1.37183   -0.57059   -0.57059   -0.33645   -0.33645
  -0.26909   -0.19226   -0.19226   -0.13347   -0.11292    0.02214
