 Fermi (or HOMO) energy (hartree) =  -0.07489   Average Vxc (hartree)=  -0.15049
 Eigenvalues (hartree) for nkpt=  10  k points:
 kpt#   1, nband= 14, wtk=  0.06250, kpt=  0.0000  0.0000  0.5000 (reduced coord)
  -2.30694   -1.35515   -1.34405   -1.34404   -0.56231   -0.53859   -0.25412   -0.15361
  -0.11447   -0.11447   -0.09883   -0.07963   -0.07963    0.02385
 kpt#   2, nband= 14, wtk=  0.12500, kpt=  0.2500  0.0000  0.5000 (reduced coord)
  -2.30623   -1.35401   -1.35069   -1.34561   -0.53234   -0.51861   -0.21995   -0.18220
  -0.17931   -0.12701   -0.11521   -0.10145   -0.08796   -0.01754
 kpt#   3, nband= 14, wtk=  0.06250, kpt=  0.5000  0.0000  0.5000 (reduced coord)
  -2.30552   -1.35720   -1.35284   -1.34716   -0.49241   -0.49134   -0.25817   -0.23536
  -0.19437   -0.15264   -0.13983   -0.09376   -0.07510    0.02540
 kpt#   4, nband= 14, wtk=  0.12500, kpt=  0.0000  0.2500  0.5000 (reduced coord)
  -2.30623   -1.35401   -1.35070   -1.34561   -0.53234   -0.51861   -0.21995   -0.18220
  -0.17931   -0.12701   -0.11521   -0.10145   -0.08796   -0.01754
 kpt#   5, nband= 14, wtk=  0.12500, kpt=  0.2500  0.2500  0.5000 (reduced coord)
  -2.30552   -1.35474   -1.35285   -1.34970   -0.49290   -0.49253   -0.22741   -0.21736
  -0.18298   -0.17872   -0.15483   -0.13670   -0.07489   -0.00712
 kpt#   6, nband= 14, wtk=  0.12500, kpt=  0.5000  0.2500  0.5000 (reduced coord)
  -2.30552   -1.35474   -1.35285   -1.34970   -0.49290   -0.49253   -0.22741   -0.21736
  -0.18298   -0.17872   -0.15483   -0.13670   -0.07489   -0.00712
 kpt#   7, nband= 14, wtk=  0.12500, kpt= -0.2500  0.2500  0.5000 (reduced coord)
  -2.30623   -1.35401   -1.35069   -1.34561   -0.53234   -0.51861   -0.21995   -0.18220
  -0.17930   -0.12701   -0.11521   -0.10145   -0.08796   -0.01754
 kpt#   8, nband= 14, wtk=  0.06250, kpt=  0.0000  0.5000  0.5000 (reduced coord)
  -2.30552   -1.35720   -1.35284   -1.34716   -0.49241   -0.49134   -0.25817   -0.23536
  -0.19437   -0.15264   -0.13983   -0.09376   -0.07510    0.02327
 kpt#   9, nband= 14, wtk=  0.12500, kpt=  0.2500  0.5000  0.5000 (reduced coord)
  -2.30552   -1.35474   -1.35285   -1.34970   -0.49290   -0.49253   -0.22741   -0.21736
  -0.18298   -0.17872   -0.15483   -0.13670   -0.07489   -0.00712
 kpt#  10, nband= 14, wtk=  0.06250, kpt=  0.5000  0.5000  0.5000 (reduced coord)
  -2.30552   -1.35720   -1.35284   -1.34716   -0.49241   -0.49134   -0.25817   -0.23536
  -0.19437   -0.15264   -0.13983   -0.09376   -0.07510    0.02327
