
 **** DERIVATIVE DATABASE ****    
+DDB, Version number  20230401

  Note : temporary (transfer) database

    usepaw         0
     natom         3
      nkpt        14
    nsppol         1
      nsym         1
    ntypat         2
    occopt         1
     nband        14
     acell  0.59526373185898D+01  0.59526373185898D+01  0.37794522657713D+02
       amu  0.95940000000000D+02  0.32066000000000D+02
   dilatmx  0.10000000000000D+01
      ecut  0.25000000000000D+02
    ecutsm  0.00000000000000D+00
     intxc         0
      iscf         7
       ixc        11
       kpt  0.00000000000000D+00  0.00000000000000D+00  0.00000000000000D+00
            0.11111111111111D+00  0.11111111111111D+00  0.00000000000000D+00
            0.33333333333333D+00  0.00000000000000D+00  0.00000000000000D+00
            0.00000000000000D+00  0.33333333333333D+00  0.00000000000000D+00
            0.22222222222222D+00  0.22222222222222D+00  0.00000000000000D+00
            0.44444444444444D+00  0.11111111111111D+00  0.00000000000000D+00
            0.11111111111111D+00  0.44444444444444D+00  0.00000000000000D+00
            0.33333333333333D+00  0.33333333333333D+00  0.00000000000000D+00
           -0.44444444444444D+00  0.22222222222222D+00  0.00000000000000D+00
           -0.22222222222222D+00  0.11111111111111D+00  0.00000000000000D+00
            0.22222222222222D+00 -0.44444444444444D+00  0.00000000000000D+00
            0.44444444444444D+00  0.44444444444444D+00  0.00000000000000D+00
           -0.33333333333333D+00  0.33333333333333D+00  0.00000000000000D+00
           -0.11111111111111D+00  0.22222222222222D+00  0.00000000000000D+00
    kptnrm  0.10000000000000D+01
     ngfft        30   30  180
    nspden         1
   nspinor         1
       occ  0.20000000000000D+01  0.20000000000000D+01  0.20000000000000D+01
            0.20000000000000D+01  0.20000000000000D+01  0.20000000000000D+01
            0.20000000000000D+01  0.20000000000000D+01  0.20000000000000D+01
            0.20000000000000D+01  0.20000000000000D+01  0.20000000000000D+01
            0.20000000000000D+01  0.00000000000000D+00
     rprim  0.50000000000000D+00 -0.86602540378000D+00  0.00000000000000D+00
            0.50000000000000D+00  0.86602540378000D+00  0.00000000000000D+00
            0.00000000000000D+00  0.00000000000000D+00  0.10000000000000D+01
  dfpt_sciss  0.00000000000000D+00
    spinat  0.00000000000000D+00  0.00000000000000D+00  0.00000000000000D+00
            0.00000000000000D+00  0.00000000000000D+00  0.00000000000000D+00
            0.00000000000000D+00  0.00000000000000D+00  0.00000000000000D+00
    symafm         1
    symrel         1    0    0    0    1    0    0    0    1
     tnons  0.00000000000000D+00  0.00000000000000D+00  0.00000000000000D+00
    tolwfr  0.10000000000000D+01
   tphysel  0.00000000000000D+00
    tsmear  0.10000000000000D-01
     typat         1    2    2
       wtk  0.37037037037037D-01  0.74074074074074D-01  0.74074074074074D-01
            0.74074074074074D-01  0.74074074074074D-01  0.74074074074074D-01
            0.74074074074074D-01  0.74074074074074D-01  0.74074074074074D-01
            0.74074074074074D-01  0.74074074074074D-01  0.74074074074074D-01
            0.74074074074074D-01  0.74074074074074D-01
      xred  0.33499915799627D+00  0.66388402819746D+00  0.40749119872764D-02
            0.66573290912518D+00  0.33493560452620D+00 -0.29060572241480D+00
            0.66593459954522D+00  0.33451370060969D+00  0.28653081042752D+00
     znucl  0.42000000000000D+02  0.16000000000000D+02
      zion  0.14000000000000D+02  0.60000000000000D+01
 
 No information on the potentials yet 
 
 **** Database of total energy derivatives ****
 Number of data blocks=    2
  
 1st derivatives              - # elements :      15
   1   1 -0.89643816199686D-03  0.00000000000000D+00
   2   1  0.54727858416231D-02  0.00000000000000D+00
   3   1 -0.63473104766456D+01  0.00000000000000D+00
   1   2  0.25900018882660D-03  0.00000000000000D+00
   2   2 -0.13062070066282D-02  0.00000000000000D+00
   3   2 -0.17570846807856D+02  0.00000000000000D+00
   1   3 -0.26813591557095D-02  0.00000000000000D+00
   2   3  0.94954139025915D-02  0.00000000000000D+00
   3   3  0.22720679957539D+02  0.00000000000000D+00
   1   6 -0.83656415164727D-02  0.00000000000000D+00
   2   6 -0.82656657926701D-02  0.00000000000000D+00
   3   6  0.45598451783383D-02  0.00000000000000D+00
   1   7 -0.31284549352338D-04  0.00000000000000D+00
   2   7  0.26068665992893D-04  0.00000000000000D+00
   3   7 -0.24434794217698D-04  0.00000000000000D+00
  
 Total energy                 - # elements :       1
 -0.82582281305306D+02  0.00000000000000D+00
