 Fermi (or HOMO) energy (hartree) =  -0.05587   Average Vxc (hartree)=  -0.14910
 Eigenvalues (hartree) for nkpt=  14  k points:
 kpt#   1, nband= 14, wtk=  0.03704, kpt=  0.0000  0.0000  0.0000 (reduced coord)
  -2.29966   -1.34694   -1.33699   -1.33698   -0.56268   -0.53224   -0.25314   -0.14112
  -0.12159   -0.12158   -0.08557   -0.08554   -0.08317    0.03706
 kpt#   2, nband= 14, wtk=  0.07407, kpt=  0.1111  0.1111  0.0000 (reduced coord)
  -2.29916   -1.34617   -1.34122   -1.33816   -0.54373   -0.52103   -0.23013   -0.16358
  -0.16237   -0.12528   -0.10561   -0.09171   -0.08549   -0.00007
 kpt#   3, nband= 14, wtk=  0.07407, kpt=  0.3333  0.0000  0.0000 (reduced coord)
  -2.29845   -1.34707   -1.34504   -1.33928   -0.51356   -0.50354   -0.22930   -0.20484
  -0.19238   -0.13528   -0.13214   -0.09695   -0.08234    0.01419
 kpt#   4, nband= 14, wtk=  0.07407, kpt=  0.0000  0.3333  0.0000 (reduced coord)
  -2.29845   -1.34707   -1.34504   -1.33928   -0.51356   -0.50354   -0.22930   -0.20484
  -0.19238   -0.13528   -0.13213   -0.09695   -0.08234    0.01224
 kpt#   5, nband= 14, wtk=  0.07407, kpt=  0.2222  0.2222  0.0000 (reduced coord)
  -2.29825   -1.34736   -1.34464   -1.34157   -0.50164   -0.49633   -0.22580   -0.20764
  -0.18375   -0.17611   -0.13934   -0.11833   -0.07525   -0.00009
 kpt#   6, nband= 14, wtk=  0.07407, kpt=  0.4444  0.1111  0.0000 (reduced coord)
  -2.29805   -1.34995   -1.34432   -1.34110   -0.48949   -0.48875   -0.25270   -0.23209
  -0.19213   -0.15780   -0.13890   -0.11361   -0.06768    0.02570
 kpt#   7, nband= 14, wtk=  0.07407, kpt=  0.1111  0.4444  0.0000 (reduced coord)
  -2.29805   -1.34995   -1.34432   -1.34110   -0.48949   -0.48875   -0.25270   -0.23209
  -0.19213   -0.15780   -0.13890   -0.11361   -0.06768    0.02570
 kpt#   8, nband= 14, wtk=  0.07407, kpt=  0.3333  0.3333  0.0000 (reduced coord)
  -2.29793   -1.34685   -1.34592   -1.34411   -0.48365   -0.48045   -0.23684   -0.21808
  -0.19638   -0.17651   -0.16638   -0.14891   -0.05587    0.01658
 kpt#   9, nband= 14, wtk=  0.07407, kpt= -0.4444  0.2222  0.0000 (reduced coord)
  -2.29825   -1.34736   -1.34464   -1.34157   -0.50165   -0.49633   -0.22580   -0.20765
  -0.18375   -0.17611   -0.13934   -0.11833   -0.07525   -0.00009
 kpt#  10, nband= 14, wtk=  0.07407, kpt= -0.2222  0.1111  0.0000 (reduced coord)
  -2.29916   -1.34617   -1.34122   -1.33816   -0.54373   -0.52103   -0.23013   -0.16357
  -0.16237   -0.12529   -0.10560   -0.09171   -0.08549   -0.00007
 kpt#  11, nband= 14, wtk=  0.07407, kpt=  0.2222 -0.4444  0.0000 (reduced coord)
  -2.29825   -1.34736   -1.34464   -1.34157   -0.50165   -0.49633   -0.22580   -0.20765
  -0.18375   -0.17611   -0.13934   -0.11833   -0.07525   -0.00009
 kpt#  12, nband= 14, wtk=  0.07407, kpt=  0.4444  0.4444  0.0000 (reduced coord)
  -2.29805   -1.34995   -1.34432   -1.34111   -0.48949   -0.48875   -0.25270   -0.23210
  -0.19214   -0.15781   -0.13889   -0.11361   -0.06768    0.02570
 kpt#  13, nband= 14, wtk=  0.07407, kpt= -0.3333  0.3333  0.0000 (reduced coord)
  -2.29845   -1.34706   -1.34504   -1.33928   -0.51356   -0.50354   -0.22930   -0.20484
  -0.19239   -0.13529   -0.13213   -0.09695   -0.08234    0.01637
 kpt#  14, nband= 14, wtk=  0.07407, kpt= -0.1111  0.2222  0.0000 (reduced coord)
  -2.29916   -1.34617   -1.34122   -1.33816   -0.54373   -0.52103   -0.23013   -0.16357
  -0.16237   -0.12529   -0.10560   -0.09171   -0.08549   -0.00007
