
 **** DERIVATIVE DATABASE ****    
+DDB, Version number  20230401

  Note : temporary (transfer) database

    usepaw         0
     natom         3
      nkpt        14
    nsppol         1
      nsym         1
    ntypat         2
    occopt         1
     nband        14
     acell  0.59526373185898D+01  0.59526373185898D+01  0.37794522657713D+02
       amu  0.95940000000000D+02  0.32066000000000D+02
   dilatmx  0.10000000000000D+01
      ecut  0.25000000000000D+02
    ecutsm  0.00000000000000D+00
     intxc         0
      iscf         7
       ixc        11
       kpt  0.00000000000000D+00  0.00000000000000D+00  0.00000000000000D+00
            0.11111111111111D+00  0.11111111111111D+00  0.00000000000000D+00
            0.33333333333333D+00  0.00000000000000D+00  0.00000000000000D+00
            0.00000000000000D+00  0.33333333333333D+00  0.00000000000000D+00
            0.22222222222222D+00  0.22222222222222D+00  0.00000000000000D+00
            0.44444444444444D+00  0.11111111111111D+00  0.00000000000000D+00
            0.11111111111111D+00  0.44444444444444D+00  0.00000000000000D+00
            0.33333333333333D+00  0.33333333333333D+00  0.00000000000000D+00
           -0.44444444444444D+00  0.22222222222222D+00  0.00000000000000D+00
           -0.22222222222222D+00  0.11111111111111D+00  0.00000000000000D+00
            0.22222222222222D+00 -0.44444444444444D+00  0.00000000000000D+00
            0.44444444444444D+00  0.44444444444444D+00  0.00000000000000D+00
           -0.33333333333333D+00  0.33333333333333D+00  0.00000000000000D+00
           -0.11111111111111D+00  0.22222222222222D+00  0.00000000000000D+00
    kptnrm  0.10000000000000D+01
     ngfft        30   30  180
    nspden         1
   nspinor         1
       occ  0.20000000000000D+01  0.20000000000000D+01  0.20000000000000D+01
            0.20000000000000D+01  0.20000000000000D+01  0.20000000000000D+01
            0.20000000000000D+01  0.20000000000000D+01  0.20000000000000D+01
            0.20000000000000D+01  0.20000000000000D+01  0.20000000000000D+01
            0.20000000000000D+01  0.00000000000000D+00
     rprim  0.50000000000000D+00 -0.86602540378000D+00  0.00000000000000D+00
            0.50000000000000D+00  0.86602540378000D+00  0.00000000000000D+00
            0.00000000000000D+00  0.00000000000000D+00  0.10000000000000D+01
  dfpt_sciss  0.00000000000000D+00
    spinat  0.00000000000000D+00  0.00000000000000D+00  0.00000000000000D+00
            0.00000000000000D+00  0.00000000000000D+00  0.00000000000000D+00
            0.00000000000000D+00  0.00000000000000D+00  0.00000000000000D+00
    symafm         1
    symrel         1    0    0    0    1    0    0    0    1
     tnons  0.00000000000000D+00  0.00000000000000D+00  0.00000000000000D+00
    tolwfr  0.10000000000000D+01
   tphysel  0.00000000000000D+00
    tsmear  0.10000000000000D-01
     typat         1    2    2
       wtk  0.37037037037037D-01  0.74074074074074D-01  0.74074074074074D-01
            0.74074074074074D-01  0.74074074074074D-01  0.74074074074074D-01
            0.74074074074074D-01  0.74074074074074D-01  0.74074074074074D-01
            0.74074074074074D-01  0.74074074074074D-01  0.74074074074074D-01
            0.74074074074074D-01  0.74074074074074D-01
      xred  0.33332191944222D+00  0.66667757019184D+00 -0.94497172324951D-05
            0.66668230732009D+00  0.33334923878477D+00 -0.87185092608086D-01
            0.66666243990435D+00  0.33330652435673D+00  0.87194542325307D-01
     znucl  0.42000000000000D+02  0.16000000000000D+02
      zion  0.14000000000000D+02  0.60000000000000D+01
 
 No information on the potentials yet 
 
 **** Database of total energy derivatives ****
 Number of data blocks=    2
  
 1st derivatives              - # elements :      15
   1   1 -0.13803218172846D-03  0.00000000000000D+00
   2   1  0.12020489519927D-03  0.00000000000000D+00
   3   1 -0.47478867061062D-02  0.00000000000000D+00
   1   2  0.68206028040242D-04  0.00000000000000D+00
   2   2 -0.25202269140704D-04  0.00000000000000D+00
   3   2 -0.18313396942834D+01  0.00000000000000D+00
   1   3  0.70488155958013D-04  0.00000000000000D+00
   2   3 -0.96024506250207D-04  0.00000000000000D+00
   3   3  0.18362682945376D+01  0.00000000000000D+00
   1   6  0.13249175941974D-03  0.00000000000000D+00
   2   6  0.13242747993026D-03  0.00000000000000D+00
   3   6  0.35653044993164D-03  0.00000000000000D+00
   1   7 -0.19820041927190D-07  0.00000000000000D+00
   2   7 -0.31758175145296D-07  0.00000000000000D+00
   3   7  0.25179942817994D-08  0.00000000000000D+00
  
 Total energy                 - # elements :       1
 -0.92348637845790D+02  0.00000000000000D+00
