 Non-SCF case, kpt    1 eig(  0.00000  0.00000  0.00000)
 -2.2910E+00 -1.3394E+00 -1.3281E+00 -1.3281E+00 -5.4861E-01 -5.2521E-01
 -2.4016E-01 -1.4119E-01
 Non-SCF case, kpt    2 eig(  0.02941  0.00000  0.00000)
 -2.2910E+00 -1.3393E+00 -1.3282E+00 -1.3281E+00 -5.4816E-01 -5.2491E-01
 -2.3953E-01 -1.4157E-01
 Non-SCF case, kpt    3 eig(  0.05882  0.00000  0.00000)
 -2.2909E+00 -1.3393E+00 -1.3285E+00 -1.3282E+00 -5.4679E-01 -5.2399E-01
 -2.3766E-01 -1.4269E-01
 Non-SCF case, kpt    4 eig(  0.08824  0.00000  0.00000)
 -2.2909E+00 -1.3392E+00 -1.3291E+00 -1.3283E+00 -5.4454E-01 -5.2247E-01
 -2.3460E-01 -1.4452E-01
 Non-SCF case, kpt    5 eig(  0.11765  0.00000  0.00000)
 -2.2908E+00 -1.3390E+00 -1.3298E+00 -1.3285E+00 -5.4144E-01 -5.2039E-01
 -2.3049E-01 -1.4704E-01
 Non-SCF case, kpt    6 eig(  0.14706  0.00000  0.00000)
 -2.2907E+00 -1.3389E+00 -1.3307E+00 -1.3287E+00 -5.3754E-01 -5.1776E-01
 -2.2548E-01 -1.5026E-01
 Non-SCF case, kpt    7 eig(  0.17647  0.00000  0.00000)
 -2.2906E+00 -1.3387E+00 -1.3317E+00 -1.3289E+00 -5.3290E-01 -5.1464E-01
 -2.1984E-01 -1.5416E-01
 Non-SCF case, kpt    8 eig(  0.20588  0.00000  0.00000)
 -2.2905E+00 -1.3385E+00 -1.3329E+00 -1.3292E+00 -5.2761E-01 -5.1109E-01
 -2.1395E-01 -1.5907E-01
 Non-SCF case, kpt    9 eig(  0.23529  0.00000  0.00000)
 -2.2903E+00 -1.3383E+00 -1.3341E+00 -1.3295E+00 -5.2177E-01 -5.0719E-01
 -2.0837E-01 -1.6487E-01
 Non-SCF case, kpt   10 eig(  0.26471  0.00000  0.00000)
 -2.2902E+00 -1.3381E+00 -1.3353E+00 -1.3298E+00 -5.1551E-01 -5.0303E-01
 -2.0415E-01 -1.7205E-01
 Non-SCF case, kpt   11 eig(  0.29412  0.00000  0.00000)
 -2.2901E+00 -1.3379E+00 -1.3365E+00 -1.3300E+00 -5.0900E-01 -4.9874E-01
 -2.0336E-01 -1.7973E-01
 Non-SCF case, kpt   12 eig(  0.32353  0.00000  0.00000)
 -2.2900E+00 -1.3377E+00 -1.3376E+00 -1.3303E+00 -5.0244E-01 -4.9445E-01
 -2.0797E-01 -1.8258E-01
 Non-SCF case, kpt   13 eig(  0.35294  0.00000  0.00000)
 -2.2899E+00 -1.3386E+00 -1.3375E+00 -1.3306E+00 -4.9607E-01 -4.9032E-01
 -2.1634E-01 -1.9639E-01
 Non-SCF case, kpt   14 eig(  0.38235  0.00000  0.00000)
 -2.2898E+00 -1.3395E+00 -1.3373E+00 -1.3308E+00 -4.9017E-01 -4.8656E-01
 -2.2511E-01 -2.0547E-01
 Non-SCF case, kpt   15 eig(  0.41176  0.00000  0.00000)
 -2.2897E+00 -1.3402E+00 -1.3372E+00 -1.3309E+00 -4.8507E-01 -4.8334E-01
 -2.3292E-01 -2.1223E-01
 Non-SCF case, kpt   16 eig(  0.44118  0.00000  0.00000)
 -2.2896E+00 -1.3408E+00 -1.3371E+00 -1.3311E+00 -4.8110E-01 -4.8087E-01
 -2.3901E-01 -2.1737E-01
 Non-SCF case, kpt   17 eig(  0.47059  0.00000  0.00000)
 -2.2896E+00 -1.3411E+00 -1.3370E+00 -1.3311E+00 -4.7932E-01 -4.7856E-01
 -2.4287E-01 -2.2059E-01
 Non-SCF case, kpt   18 eig(  0.50000  0.00000  0.00000)
 -2.2896E+00 -1.3412E+00 -1.3370E+00 -1.3312E+00 -4.7879E-01 -4.7769E-01
 -2.4419E-01 -2.2168E-01
 Non-SCF case, kpt   19 eig(  0.48333  0.03333  0.00000)
 -2.2896E+00 -1.3412E+00 -1.3370E+00 -1.3313E+00 -4.7862E-01 -4.7748E-01
 -2.4363E-01 -2.2149E-01
 Non-SCF case, kpt   20 eig(  0.46667  0.06667  0.00000)
 -2.2896E+00 -1.3410E+00 -1.3370E+00 -1.3316E+00 -4.7814E-01 -4.7687E-01
 -2.4197E-01 -2.2094E-01
 Non-SCF case, kpt   21 eig(  0.45000  0.10000  0.00000)
 -2.2895E+00 -1.3408E+00 -1.3370E+00 -1.3320E+00 -4.7736E-01 -4.7588E-01
 -2.3924E-01 -2.2010E-01
 Non-SCF case, kpt   22 eig(  0.43333  0.13333  0.00000)
 -2.2895E+00 -1.3405E+00 -1.3369E+00 -1.3326E+00 -4.7635E-01 -4.7458E-01
 -2.3551E-01 -2.1908E-01
 Non-SCF case, kpt   23 eig(  0.41667  0.16667  0.00000)
 -2.2895E+00 -1.3401E+00 -1.3369E+00 -1.3333E+00 -4.7518E-01 -4.7306E-01
 -2.3084E-01 -2.1805E-01
 Non-SCF case, kpt   24 eig(  0.40000  0.20000  0.00000)
 -2.2895E+00 -1.3397E+00 -1.3368E+00 -1.3341E+00 -4.7394E-01 -4.7144E-01
 -2.2537E-01 -2.1723E-01
 Non-SCF case, kpt   25 eig(  0.38333  0.23333  0.00000)
 -2.2894E+00 -1.3391E+00 -1.3368E+00 -1.3349E+00 -4.7275E-01 -4.6986E-01
 -2.1927E-01 -2.1679E-01
 Non-SCF case, kpt   26 eig(  0.36667  0.26667  0.00000)
 -2.2894E+00 -1.3386E+00 -1.3367E+00 -1.3357E+00 -4.7173E-01 -4.6849E-01
 -2.1680E-01 -2.1287E-01
 Non-SCF case, kpt   27 eig(  0.35000  0.30000  0.00000)
 -2.2894E+00 -1.3380E+00 -1.3367E+00 -1.3365E+00 -4.7103E-01 -4.6752E-01
 -2.1709E-01 -2.0705E-01
 Non-SCF case, kpt   28 eig(  0.33333  0.33333  0.00000)
 -2.2894E+00 -1.3376E+00 -1.3369E+00 -1.3367E+00 -4.7076E-01 -4.6715E-01
 -2.1729E-01 -2.0432E-01
 Non-SCF case, kpt   29 eig(  0.35000  0.35000  0.02500)
 -2.2894E+00 -1.3380E+00 -1.3367E+00 -1.3365E+00 -4.7103E-01 -4.6752E-01
 -2.1709E-01 -2.0705E-01
 Non-SCF case, kpt   30 eig(  0.36667  0.36667  0.05000)
 -2.2894E+00 -1.3386E+00 -1.3367E+00 -1.3357E+00 -4.7173E-01 -4.6849E-01
 -2.1680E-01 -2.1287E-01
 Non-SCF case, kpt   31 eig(  0.38333  0.38333  0.07500)
 -2.2894E+00 -1.3391E+00 -1.3368E+00 -1.3349E+00 -4.7275E-01 -4.6986E-01
 -2.1927E-01 -2.1679E-01
 Non-SCF case, kpt   32 eig(  0.40000  0.40000  0.10000)
 -2.2895E+00 -1.3397E+00 -1.3368E+00 -1.3341E+00 -4.7394E-01 -4.7144E-01
 -2.2537E-01 -2.1723E-01
 Non-SCF case, kpt   33 eig(  0.41667  0.41667  0.12500)
 -2.2895E+00 -1.3401E+00 -1.3369E+00 -1.3333E+00 -4.7518E-01 -4.7306E-01
 -2.3084E-01 -2.1805E-01
 Non-SCF case, kpt   34 eig(  0.43333  0.43333  0.15000)
 -2.2895E+00 -1.3405E+00 -1.3369E+00 -1.3326E+00 -4.7635E-01 -4.7458E-01
 -2.3551E-01 -2.1908E-01
 Non-SCF case, kpt   35 eig(  0.45000  0.45000  0.17500)
 -2.2895E+00 -1.3408E+00 -1.3370E+00 -1.3320E+00 -4.7736E-01 -4.7588E-01
 -2.3924E-01 -2.2010E-01
 Non-SCF case, kpt   36 eig(  0.46667  0.46667  0.20000)
 -2.2896E+00 -1.3410E+00 -1.3370E+00 -1.3315E+00 -4.7814E-01 -4.7687E-01
 -2.4197E-01 -2.2094E-01
 Non-SCF case, kpt   37 eig(  0.48333  0.48333  0.22500)
 -2.2896E+00 -1.3412E+00 -1.3370E+00 -1.3313E+00 -4.7862E-01 -4.7748E-01
 -2.4363E-01 -2.2149E-01
 Non-SCF case, kpt   38 eig(  0.50000  0.50000  0.25000)
 -2.2896E+00 -1.3412E+00 -1.3370E+00 -1.3312E+00 -4.7879E-01 -4.7769E-01
 -2.4419E-01 -2.2169E-01
 Non-SCF case, kpt   39 eig(  0.51667  0.51667  0.27500)
 -2.2896E+00 -1.3412E+00 -1.3370E+00 -1.3313E+00 -4.7862E-01 -4.7748E-01
 -2.4363E-01 -2.2149E-01
 Non-SCF case, kpt   40 eig(  0.53333  0.53333  0.30000)
 -2.2896E+00 -1.3410E+00 -1.3370E+00 -1.3315E+00 -4.7814E-01 -4.7687E-01
 -2.4197E-01 -2.2094E-01
 Non-SCF case, kpt   41 eig(  0.55000  0.55000  0.32500)
 -2.2895E+00 -1.3408E+00 -1.3370E+00 -1.3320E+00 -4.7736E-01 -4.7588E-01
 -2.3924E-01 -2.2010E-01
 Non-SCF case, kpt   42 eig(  0.56667  0.56667  0.35000)
 -2.2895E+00 -1.3405E+00 -1.3369E+00 -1.3326E+00 -4.7635E-01 -4.7458E-01
 -2.3551E-01 -2.1908E-01
 Non-SCF case, kpt   43 eig(  0.58333  0.58333  0.37500)
 -2.2895E+00 -1.3401E+00 -1.3369E+00 -1.3333E+00 -4.7518E-01 -4.7306E-01
 -2.3084E-01 -2.1805E-01
 Non-SCF case, kpt   44 eig(  0.60000  0.60000  0.40000)
 -2.2895E+00 -1.3397E+00 -1.3368E+00 -1.3340E+00 -4.7394E-01 -4.7144E-01
 -2.2537E-01 -2.1723E-01
 Non-SCF case, kpt   45 eig(  0.61667  0.61667  0.42500)
 -2.2894E+00 -1.3391E+00 -1.3368E+00 -1.3349E+00 -4.7275E-01 -4.6986E-01
 -2.1927E-01 -2.1679E-01
 Non-SCF case, kpt   46 eig(  0.63333  0.63333  0.45000)
 -2.2894E+00 -1.3386E+00 -1.3368E+00 -1.3357E+00 -4.7173E-01 -4.6849E-01
 -2.1680E-01 -2.1287E-01
 Non-SCF case, kpt   47 eig(  0.65000  0.65000  0.47500)
 -2.2894E+00 -1.3380E+00 -1.3367E+00 -1.3365E+00 -4.7103E-01 -4.6752E-01
 -2.1709E-01 -2.0705E-01
 Non-SCF case, kpt   48 eig(  0.66667  0.66667  0.50000)
 -2.2894E+00 -1.3376E+00 -1.3369E+00 -1.3367E+00 -4.7076E-01 -4.6715E-01
 -2.1729E-01 -2.0432E-01
 Non-SCF case, kpt   49 eig(  0.68333  0.68333  0.52500)
 -2.2894E+00 -1.3380E+00 -1.3367E+00 -1.3365E+00 -4.7106E-01 -4.6758E-01
 -2.1694E-01 -2.0665E-01
 Non-SCF case, kpt   50 eig(  0.70000  0.70000  0.55000)
 -2.2894E+00 -1.3384E+00 -1.3368E+00 -1.3358E+00 -4.7201E-01 -4.6895E-01
 -2.1560E-01 -2.1057E-01
 Non-SCF case, kpt   51 eig(  0.71667  0.71667  0.57500)
 -2.2895E+00 -1.3387E+00 -1.3368E+00 -1.3351E+00 -4.7365E-01 -4.7136E-01
 -2.1341E-01 -2.1296E-01
 Non-SCF case, kpt   52 eig(  0.73333  0.73333  0.60000)
 -2.2895E+00 -1.3388E+00 -1.3369E+00 -1.3344E+00 -4.7597E-01 -4.7482E-01
 -2.1438E-01 -2.0885E-01
 Non-SCF case, kpt   53 eig(  0.75000  0.75000  0.62500)
 -2.2896E+00 -1.3388E+00 -1.3370E+00 -1.3337E+00 -4.7926E-01 -4.7893E-01
 -2.1331E-01 -2.0323E-01
 Non-SCF case, kpt   54 eig(  0.76667  0.76667  0.65000)
 -2.2897E+00 -1.3385E+00 -1.3371E+00 -1.3330E+00 -4.8455E-01 -4.8243E-01
 -2.1034E-01 -1.9618E-01
 Non-SCF case, kpt   55 eig(  0.78333  0.78333  0.67500)
 -2.2898E+00 -1.3380E+00 -1.3373E+00 -1.3324E+00 -4.9048E-01 -4.8635E-01
 -2.0581E-01 -1.8795E-01
 Non-SCF case, kpt   56 eig(  0.80000  0.80000  0.70000)
 -2.2899E+00 -1.3375E+00 -1.3374E+00 -1.3318E+00 -4.9684E-01 -4.9056E-01
 -2.0053E-01 -1.7836E-01
 Non-SCF case, kpt   57 eig(  0.81667  0.81667  0.72500)
 -2.2900E+00 -1.3377E+00 -1.3366E+00 -1.3312E+00 -5.0343E-01 -4.9493E-01
 -1.9661E-01 -1.7762E-01
 Non-SCF case, kpt   58 eig(  0.83333  0.83333  0.75000)
 -2.2901E+00 -1.3379E+00 -1.3357E+00 -1.3307E+00 -5.1004E-01 -4.9933E-01
 -1.9744E-01 -1.7364E-01
 Non-SCF case, kpt   59 eig(  0.85000  0.85000  0.77500)
 -2.2902E+00 -1.3381E+00 -1.3347E+00 -1.3302E+00 -5.1648E-01 -5.0363E-01
 -2.0201E-01 -1.6534E-01
 Non-SCF case, kpt   60 eig(  0.86667  0.86667  0.80000)
 -2.2904E+00 -1.3383E+00 -1.3337E+00 -1.3297E+00 -5.2262E-01 -5.0774E-01
 -2.0793E-01 -1.5734E-01
 Non-SCF case, kpt   61 eig(  0.88333  0.88333  0.82500)
 -2.2905E+00 -1.3385E+00 -1.3326E+00 -1.3293E+00 -5.2831E-01 -5.1155E-01
 -2.1420E-01 -1.5607E-01
 Non-SCF case, kpt   62 eig(  0.90000  0.90000  0.85000)
 -2.2906E+00 -1.3387E+00 -1.3315E+00 -1.3290E+00 -5.3344E-01 -5.1500E-01
 -2.2030E-01 -1.5265E-01
 Non-SCF case, kpt   63 eig(  0.91667  0.91667  0.87500)
 -2.2907E+00 -1.3389E+00 -1.3306E+00 -1.3287E+00 -5.3793E-01 -5.1802E-01
 -2.2591E-01 -1.4954E-01
 Non-SCF case, kpt   64 eig(  0.93333  0.93333  0.90000)
 -2.2908E+00 -1.3391E+00 -1.3297E+00 -1.3285E+00 -5.4170E-01 -5.2056E-01
 -2.3081E-01 -1.4672E-01
 Non-SCF case, kpt   65 eig(  0.95000  0.95000  0.92500)
 -2.2909E+00 -1.3392E+00 -1.3290E+00 -1.3283E+00 -5.4469E-01 -5.2257E-01
 -2.3480E-01 -1.4438E-01
 Non-SCF case, kpt   66 eig(  0.96667  0.96667  0.95000)
 -2.2910E+00 -1.3393E+00 -1.3285E+00 -1.3282E+00 -5.4686E-01 -5.2403E-01
 -2.3775E-01 -1.4263E-01
 Non-SCF case, kpt   67 eig(  0.98333  0.98333  0.97500)
 -2.2910E+00 -1.3393E+00 -1.3282E+00 -1.3281E+00 -5.4817E-01 -5.2492E-01
 -2.3955E-01 -1.4156E-01
 Non-SCF case, kpt   68 eig(  1.00000  1.00000  1.00000)
 -2.2910E+00 -1.3394E+00 -1.3281E+00 -1.3281E+00 -5.4861E-01 -5.2521E-01
 -2.4016E-01 -1.4119E-01
