
 **** DERIVATIVE DATABASE ****    
+DDB, Version number  20230401

  Note : temporary (transfer) database

    usepaw         0
     natom         3
      nkpt        14
    nsppol         1
      nsym         1
    ntypat         2
    occopt         1
     nband        14
     acell  0.59526373185898D+01  0.59526373185898D+01  0.37794522657713D+02
       amu  0.95940000000000D+02  0.32066000000000D+02
   dilatmx  0.10000000000000D+01
      ecut  0.25000000000000D+02
    ecutsm  0.00000000000000D+00
     intxc         0
      iscf         7
       ixc        11
       kpt  0.00000000000000D+00  0.00000000000000D+00  0.00000000000000D+00
            0.11111111111111D+00  0.11111111111111D+00  0.00000000000000D+00
            0.33333333333333D+00  0.00000000000000D+00  0.00000000000000D+00
            0.00000000000000D+00  0.33333333333333D+00  0.00000000000000D+00
            0.22222222222222D+00  0.22222222222222D+00  0.00000000000000D+00
            0.44444444444444D+00  0.11111111111111D+00  0.00000000000000D+00
            0.11111111111111D+00  0.44444444444444D+00  0.00000000000000D+00
            0.33333333333333D+00  0.33333333333333D+00  0.00000000000000D+00
           -0.44444444444444D+00  0.22222222222222D+00  0.00000000000000D+00
           -0.22222222222222D+00  0.11111111111111D+00  0.00000000000000D+00
            0.22222222222222D+00 -0.44444444444444D+00  0.00000000000000D+00
            0.44444444444444D+00  0.44444444444444D+00  0.00000000000000D+00
           -0.33333333333333D+00  0.33333333333333D+00  0.00000000000000D+00
           -0.11111111111111D+00  0.22222222222222D+00  0.00000000000000D+00
    kptnrm  0.10000000000000D+01
     ngfft        30   30  180
    nspden         1
   nspinor         1
       occ  0.20000000000000D+01  0.20000000000000D+01  0.20000000000000D+01
            0.20000000000000D+01  0.20000000000000D+01  0.20000000000000D+01
            0.20000000000000D+01  0.20000000000000D+01  0.20000000000000D+01
            0.20000000000000D+01  0.20000000000000D+01  0.20000000000000D+01
            0.20000000000000D+01  0.00000000000000D+00
     rprim  0.50000000000000D+00 -0.86602540378000D+00  0.00000000000000D+00
            0.50000000000000D+00  0.86602540378000D+00  0.00000000000000D+00
            0.00000000000000D+00  0.00000000000000D+00  0.10000000000000D+01
  dfpt_sciss  0.00000000000000D+00
    spinat  0.00000000000000D+00  0.00000000000000D+00  0.00000000000000D+00
            0.00000000000000D+00  0.00000000000000D+00  0.00000000000000D+00
            0.00000000000000D+00  0.00000000000000D+00  0.00000000000000D+00
    symafm         1
    symrel         1    0    0    0    1    0    0    0    1
     tnons  0.00000000000000D+00  0.00000000000000D+00  0.00000000000000D+00
    tolwfr  0.10000000000000D+01
   tphysel  0.00000000000000D+00
    tsmear  0.10000000000000D-01
     typat         1    2    2
       wtk  0.37037037037037D-01  0.74074074074074D-01  0.74074074074074D-01
            0.74074074074074D-01  0.74074074074074D-01  0.74074074074074D-01
            0.74074074074074D-01  0.74074074074074D-01  0.74074074074074D-01
            0.74074074074074D-01  0.74074074074074D-01  0.74074074074074D-01
            0.74074074074074D-01  0.74074074074074D-01
      xred  0.33333403700373D+00  0.66666672084223D+00 -0.13270274603109D-05
            0.66666706750107D+00  0.33333242850779D+00 -0.78830161999414D-01
            0.66666556216186D+00  0.33333418398332D+00  0.78831489026874D-01
     znucl  0.42000000000000D+02  0.16000000000000D+02
      zion  0.14000000000000D+02  0.60000000000000D+01
 
 No information on the potentials yet 
 
 **** Database of total energy derivatives ****
 Number of data blocks=    2
  
 1st derivatives              - # elements :      15
   1   1  0.81702065391213D-05  0.00000000000000D+00
   2   1 -0.36819605742565D-05  0.00000000000000D+00
   3   1 -0.60971406896380D-03  0.00000000000000D+00
   1   2  0.36633428264467D-06  0.00000000000000D+00
   2   2 -0.21280866261598D-05  0.00000000000000D+00
   3   2 -0.11506426953039D-01  0.00000000000000D+00
   1   3 -0.54447959177219D-05  0.00000000000000D+00
   2   3  0.40750552517112D-05  0.00000000000000D+00
   3   3  0.12075080319332D-01  0.00000000000000D+00
   1   6  0.52073917180711D-04  0.00000000000000D+00
   2   6  0.52071683998833D-04  0.00000000000000D+00
   3   6  0.83363336140265D-04  0.00000000000000D+00
   1   7  0.41286099317949D-08  0.00000000000000D+00
   2   7  0.17225704188152D-09  0.00000000000000D+00
   3   7 -0.41094250788646D-11  0.00000000000000D+00
  
 Total energy                 - # elements :       1
 -0.92365236473893D+02  0.00000000000000D+00
