 Fermi (or HOMO) energy (hartree) =  -0.12061   Average Vxc (hartree)=  -0.19748
 Eigenvalues (hartree) for nkpt=  14  k points:
 kpt#   1, nband= 14, wtk=  0.03704, kpt=  0.0000  0.0000  0.0000 (reduced coord)
  -2.43663   -1.48032   -1.46761   -1.46443   -0.56969   -0.56533   -0.29341   -0.18677
  -0.17790   -0.17642   -0.17590   -0.16771   -0.12061   -0.08513
 kpt#   2, nband= 14, wtk=  0.07407, kpt=  0.1111  0.1111  0.0000 (reduced coord)
  -2.43619   -1.47998   -1.46920   -1.46726   -0.55309   -0.54957   -0.25879   -0.19313
  -0.17419   -0.16507   -0.16214   -0.14824   -0.14705   -0.11912
 kpt#   3, nband= 14, wtk=  0.07407, kpt=  0.3333  0.0000  0.0000 (reduced coord)
  -2.43557   -1.47973   -1.47444   -1.46738   -0.52595   -0.52398   -0.24384   -0.20243
  -0.19540   -0.19188   -0.15930   -0.14547   -0.14062   -0.12992
 kpt#   4, nband= 14, wtk=  0.07407, kpt=  0.0000  0.3333  0.0000 (reduced coord)
  -2.43557   -1.47935   -1.47295   -1.46927   -0.52586   -0.52421   -0.24460   -0.20369
  -0.19457   -0.18941   -0.15917   -0.14569   -0.14080   -0.12776
 kpt#   5, nband= 14, wtk=  0.07407, kpt=  0.2222  0.2222  0.0000 (reduced coord)
  -2.43540   -1.47934   -1.47345   -1.47070   -0.51495   -0.51399   -0.20951   -0.20586
  -0.19648   -0.19304   -0.19230   -0.14937   -0.13709   -0.13067
 kpt#   6, nband= 14, wtk=  0.07407, kpt=  0.4444  0.1111  0.0000 (reduced coord)
  -2.43523   -1.47997   -1.47618   -1.46895   -0.50303   -0.50291   -0.24280   -0.24137
  -0.23031   -0.20476   -0.14647   -0.13295   -0.12196   -0.11302
 kpt#   7, nband= 14, wtk=  0.07407, kpt=  0.1111  0.4444  0.0000 (reduced coord)
  -2.43523   -1.47903   -1.47535   -1.47074   -0.50327   -0.50289   -0.24451   -0.24199
  -0.22776   -0.20394   -0.14774   -0.14393   -0.12187   -0.11590
 kpt#   8, nband= 14, wtk=  0.07407, kpt=  0.3333  0.3333  0.0000 (reduced coord)
  -2.43512   -1.47937   -1.47485   -1.47222   -0.49575   -0.49504   -0.20366   -0.19264
  -0.18940   -0.18831   -0.18779   -0.18594   -0.18308   -0.17979
 kpt#   9, nband= 14, wtk=  0.07407, kpt= -0.4444  0.2222  0.0000 (reduced coord)
  -2.43539   -1.47974   -1.47541   -1.46835   -0.51500   -0.51374   -0.20925   -0.20510
  -0.19621   -0.19557   -0.19348   -0.14998   -0.14669   -0.12629
 kpt#  10, nband= 14, wtk=  0.07407, kpt= -0.2222  0.1111  0.0000 (reduced coord)
  -2.43619   -1.48003   -1.47093   -1.46548   -0.55311   -0.54949   -0.25822   -0.19292
  -0.17452   -0.16546   -0.16336   -0.15191   -0.14892   -0.11559
 kpt#  11, nband= 14, wtk=  0.07407, kpt=  0.2222 -0.4444  0.0000 (reduced coord)
  -2.43540   -1.47931   -1.47466   -1.46954   -0.51493   -0.51394   -0.20930   -0.20628
  -0.19593   -0.19357   -0.19292   -0.14990   -0.14484   -0.12843
 kpt#  12, nband= 14, wtk=  0.07407, kpt=  0.4444  0.4444  0.0000 (reduced coord)
  -2.43522   -1.48005   -1.47691   -1.46816   -0.50299   -0.50283   -0.24345   -0.24030
  -0.23082   -0.20551   -0.14566   -0.14209   -0.12201   -0.11166
 kpt#  13, nband= 14, wtk=  0.07407, kpt= -0.3333  0.3333  0.0000 (reduced coord)
  -2.43557   -1.47971   -1.47523   -1.46663   -0.52592   -0.52392   -0.24258   -0.20303
  -0.19610   -0.19236   -0.16080   -0.14570   -0.14072   -0.13161
 kpt#  14, nband= 14, wtk=  0.07407, kpt= -0.1111  0.2222  0.0000 (reduced coord)
  -2.43619   -1.47997   -1.47007   -1.46641   -0.55308   -0.54955   -0.25846   -0.19288
  -0.17431   -0.16521   -0.16259   -0.14919   -0.14754   -0.11925
