 Fermi (or HOMO) energy (hartree) =  -0.06074   Average Vxc (hartree)=  -0.14488
 Eigenvalues (hartree) for nkpt=  14  k points:
 kpt#   1, nband= 14, wtk=  0.03704, kpt=  0.0000  0.0000  0.0000 (reduced coord)
  -2.29804   -1.34717   -1.33786   -1.33786   -0.58132   -0.53431   -0.26946   -0.15383
  -0.15383   -0.13027   -0.11289   -0.11289   -0.06578    0.04338
 kpt#   2, nband= 14, wtk=  0.07407, kpt=  0.1111  0.1111  0.0000 (reduced coord)
  -2.29750   -1.34624   -1.34255   -1.33914   -0.56156   -0.52589   -0.24936   -0.18873
  -0.17311   -0.14932   -0.13525   -0.09533   -0.07832    0.01800
 kpt#   3, nband= 14, wtk=  0.07407, kpt=  0.3333  0.0000  0.0000 (reduced coord)
  -2.29675   -1.34900   -1.34489   -1.34035   -0.53100   -0.51317   -0.25458   -0.21709
  -0.20439   -0.16384   -0.12340   -0.10697   -0.09813    0.02450
 kpt#   4, nband= 14, wtk=  0.07407, kpt=  0.0000  0.3333  0.0000 (reduced coord)
  -2.29675   -1.34900   -1.34489   -1.34035   -0.53100   -0.51317   -0.25458   -0.21709
  -0.20439   -0.16384   -0.12340   -0.10697   -0.09813    0.02450
 kpt#   5, nband= 14, wtk=  0.07407, kpt=  0.2222  0.2222  0.0000 (reduced coord)
  -2.29653   -1.34933   -1.34442   -1.34285   -0.51909   -0.50765   -0.24990   -0.22960
  -0.19438   -0.18491   -0.15373   -0.11395   -0.08547    0.01700
 kpt#   6, nband= 14, wtk=  0.07407, kpt=  0.4444  0.1111  0.0000 (reduced coord)
  -2.29632   -1.35216   -1.34404   -1.34234   -0.50672   -0.50305   -0.26906   -0.24497
  -0.20914   -0.17763   -0.13216   -0.12409   -0.07488    0.02535
 kpt#   7, nband= 14, wtk=  0.07407, kpt=  0.1111  0.4444  0.0000 (reduced coord)
  -2.29632   -1.35216   -1.34404   -1.34234   -0.50672   -0.50305   -0.26906   -0.24497
  -0.20914   -0.17763   -0.13216   -0.12409   -0.07488    0.02535
 kpt#   8, nband= 14, wtk=  0.07407, kpt=  0.3333  0.3333  0.0000 (reduced coord)
  -2.29619   -1.34902   -1.34736   -1.34377   -0.49853   -0.49809   -0.26206   -0.23186
  -0.21194   -0.19106   -0.16870   -0.14300   -0.06074    0.00543
 kpt#   9, nband= 14, wtk=  0.07407, kpt= -0.4444  0.2222  0.0000 (reduced coord)
  -2.29653   -1.34933   -1.34442   -1.34285   -0.51909   -0.50765   -0.24990   -0.22960
  -0.19438   -0.18491   -0.15373   -0.11395   -0.08547    0.01700
 kpt#  10, nband= 14, wtk=  0.07407, kpt= -0.2222  0.1111  0.0000 (reduced coord)
  -2.29750   -1.34624   -1.34255   -1.33914   -0.56156   -0.52589   -0.24936   -0.18873
  -0.17311   -0.14932   -0.13525   -0.09533   -0.07832    0.01800
 kpt#  11, nband= 14, wtk=  0.07407, kpt=  0.2222 -0.4444  0.0000 (reduced coord)
  -2.29653   -1.34933   -1.34442   -1.34285   -0.51909   -0.50765   -0.24990   -0.22960
  -0.19438   -0.18491   -0.15373   -0.11395   -0.08547    0.01700
 kpt#  12, nband= 14, wtk=  0.07407, kpt=  0.4444  0.4444  0.0000 (reduced coord)
  -2.29632   -1.35216   -1.34404   -1.34234   -0.50672   -0.50305   -0.26906   -0.24497
  -0.20914   -0.17763   -0.13216   -0.12409   -0.07488    0.02535
 kpt#  13, nband= 14, wtk=  0.07407, kpt= -0.3333  0.3333  0.0000 (reduced coord)
  -2.29675   -1.34900   -1.34489   -1.34035   -0.53100   -0.51317   -0.25458   -0.21709
  -0.20439   -0.16384   -0.12340   -0.10697   -0.09813    0.02450
 kpt#  14, nband= 14, wtk=  0.07407, kpt= -0.1111  0.2222  0.0000 (reduced coord)
  -2.29750   -1.34624   -1.34255   -1.33914   -0.56156   -0.52589   -0.24936   -0.18873
  -0.17311   -0.14932   -0.13525   -0.09533   -0.07832    0.01800
