 Fermi (or HOMO) energy (hartree) =  -0.07456   Average Vxc (hartree)=  -0.14371
 Eigenvalues (hartree) for nkpt=  10  k points:
 kpt#   1, nband= 14, wtk=  0.06250, kpt=  0.0000  0.0000  0.5000 (reduced coord)
  -2.30687   -1.35635   -1.34777   -1.34777   -0.58815   -0.54247   -0.27634   -0.16105
  -0.16105   -0.13906   -0.12080   -0.12080   -0.07456    0.03327
 kpt#   2, nband= 14, wtk=  0.12500, kpt=  0.2500  0.0000  0.5000 (reduced coord)
  -2.30612   -1.35509   -1.35492   -1.34944   -0.55707   -0.52897   -0.25195   -0.20809
  -0.20150   -0.15760   -0.13051   -0.12093   -0.09816    0.00749
 kpt#   3, nband= 14, wtk=  0.06250, kpt=  0.5000  0.0000  0.5000 (reduced coord)
  -2.30537   -1.36220   -1.35346   -1.35110   -0.51709   -0.51245   -0.28269   -0.24786
  -0.21894   -0.18306   -0.14213   -0.10205   -0.09361    0.01663
 kpt#   4, nband= 14, wtk=  0.12500, kpt=  0.0000  0.2500  0.5000 (reduced coord)
  -2.30612   -1.35509   -1.35492   -1.34944   -0.55707   -0.52897   -0.25195   -0.20809
  -0.20150   -0.15760   -0.13051   -0.12093   -0.09816    0.00832
 kpt#   5, nband= 14, wtk=  0.12500, kpt=  0.2500  0.2500  0.5000 (reduced coord)
  -2.30537   -1.35953   -1.35386   -1.35345   -0.51823   -0.51168   -0.25743   -0.25015
  -0.20150   -0.18999   -0.17635   -0.13223   -0.08749    0.01049
 kpt#   6, nband= 14, wtk=  0.12500, kpt=  0.5000  0.2500  0.5000 (reduced coord)
  -2.30537   -1.35953   -1.35386   -1.35345   -0.51823   -0.51168   -0.25743   -0.25015
  -0.20150   -0.18999   -0.17635   -0.13223   -0.08749    0.01049
 kpt#   7, nband= 14, wtk=  0.12500, kpt= -0.2500  0.2500  0.5000 (reduced coord)
  -2.30612   -1.35509   -1.35492   -1.34944   -0.55707   -0.52897   -0.25195   -0.20809
  -0.20150   -0.15760   -0.13051   -0.12093   -0.09816    0.00750
 kpt#   8, nband= 14, wtk=  0.06250, kpt=  0.0000  0.5000  0.5000 (reduced coord)
  -2.30537   -1.36220   -1.35346   -1.35110   -0.51709   -0.51245   -0.28269   -0.24786
  -0.21894   -0.18306   -0.14213   -0.10205   -0.09361    0.02108
 kpt#   9, nband= 14, wtk=  0.12500, kpt=  0.2500  0.5000  0.5000 (reduced coord)
  -2.30537   -1.35953   -1.35386   -1.35345   -0.51823   -0.51168   -0.25743   -0.25015
  -0.20150   -0.18999   -0.17635   -0.13223   -0.08749    0.01049
 kpt#  10, nband= 14, wtk=  0.06250, kpt=  0.5000  0.5000  0.5000 (reduced coord)
  -2.30537   -1.36220   -1.35346   -1.35110   -0.51709   -0.51245   -0.28269   -0.24786
  -0.21894   -0.18306   -0.14213   -0.10205   -0.09361    0.01831
