
 **** DERIVATIVE DATABASE ****    
+DDB, Version number  20230401

  Note : temporary (transfer) database

    usepaw         0
     natom         3
      nkpt        10
    nsppol         1
      nsym         1
    ntypat         2
    occopt         1
     nband        14
     acell  0.59719125251452D+01  0.59719125251452D+01  0.37794522657713D+02
       amu  0.95940000000000D+02  0.32066000000000D+02
   dilatmx  0.10000000000000D+01
      ecut  0.30000000000000D+02
    ecutsm  0.00000000000000D+00
     intxc         0
      iscf         7
       ixc        11
       kpt  0.00000000000000D+00  0.00000000000000D+00  0.50000000000000D+00
            0.25000000000000D+00  0.00000000000000D+00  0.50000000000000D+00
            0.50000000000000D+00  0.00000000000000D+00  0.50000000000000D+00
            0.00000000000000D+00  0.25000000000000D+00  0.50000000000000D+00
            0.25000000000000D+00  0.25000000000000D+00  0.50000000000000D+00
            0.50000000000000D+00  0.25000000000000D+00  0.50000000000000D+00
           -0.25000000000000D+00  0.25000000000000D+00  0.50000000000000D+00
            0.00000000000000D+00  0.50000000000000D+00  0.50000000000000D+00
            0.25000000000000D+00  0.50000000000000D+00  0.50000000000000D+00
            0.50000000000000D+00  0.50000000000000D+00  0.50000000000000D+00
    kptnrm  0.10000000000000D+01
     ngfft        30   30  192
    nspden         1
   nspinor         1
       occ  0.20000000000000D+01  0.20000000000000D+01  0.20000000000000D+01
            0.20000000000000D+01  0.20000000000000D+01  0.20000000000000D+01
            0.20000000000000D+01  0.20000000000000D+01  0.20000000000000D+01
            0.20000000000000D+01  0.20000000000000D+01  0.20000000000000D+01
            0.20000000000000D+01  0.00000000000000D+00
     rprim  0.50000000000000D+00 -0.86602540378000D+00  0.00000000000000D+00
            0.50000000000000D+00  0.86602540378000D+00  0.00000000000000D+00
            0.00000000000000D+00  0.00000000000000D+00  0.10000000000000D+01
  dfpt_sciss  0.00000000000000D+00
    spinat  0.00000000000000D+00  0.00000000000000D+00  0.00000000000000D+00
            0.00000000000000D+00  0.00000000000000D+00  0.00000000000000D+00
            0.00000000000000D+00  0.00000000000000D+00  0.00000000000000D+00
    symafm         1
    symrel         1    0    0    0    1    0    0    0    1
     tnons  0.00000000000000D+00  0.00000000000000D+00  0.00000000000000D+00
    tolwfr  0.10000000000000D+01
   tphysel  0.00000000000000D+00
    tsmear  0.10000000000000D-01
     typat         1    2    2
       wtk  0.62500000000000D-01  0.12500000000000D+00  0.62500000000000D-01
            0.12500000000000D+00  0.12500000000000D+00  0.12500000000000D+00
            0.12500000000000D+00  0.62500000000000D-01  0.12500000000000D+00
            0.62500000000000D-01
      xred  0.33333333333333D+00  0.66666666666667D+00  0.00000000000000D+00
            0.66666666666667D+00  0.33333333333333D+00 -0.79250000000000D-01
            0.66666666666667D+00  0.33333333333333D+00  0.79250000000000D-01
     znucl  0.42000000000000D+02  0.16000000000000D+02
      zion  0.14000000000000D+02  0.60000000000000D+01
 
 No information on the potentials yet 
 
 **** Database of total energy derivatives ****
 Number of data blocks=    2
  
 1st derivatives              - # elements :      15
   1   1 -0.60628729431507D-05  0.00000000000000D+00
   2   1  0.21197965667189D-05  0.00000000000000D+00
   3   1  0.90157231432297D-03  0.00000000000000D+00
   1   2  0.36739679732984D-05  0.00000000000000D+00
   2   2 -0.41777150676463D-05  0.00000000000000D+00
   3   2 -0.25399567011993D+00  0.00000000000000D+00
   1   3  0.70468458865357D-06  0.00000000000000D+00
   2   3  0.10431859119882D-05  0.00000000000000D+00
   3   3  0.25294531170626D+00  0.00000000000000D+00
   1   6  0.92595281479070D-05  0.00000000000000D+00
   2   6  0.92531383005440D-05  0.00000000000000D+00
   3   6  0.37180769211054D-04  0.00000000000000D+00
   1   7  0.17448146648161D-08  0.00000000000000D+00
   2   7 -0.34040341932314D-09  0.00000000000000D+00
   3   7 -0.19496412790383D-08  0.00000000000000D+00
  
 Total energy                 - # elements :       1
 -0.92382539191783D+02  0.00000000000000D+00
